Filename,y_true,y_pred,p0,p1,p2,p3,p4,p5,p6,p7,p8
20171219-113902-3.jpg,8,8,9.8162211e-05,1.8270986e-05,1.0143547e-05,1.1678677e-05,7.9401954e-07,9.3591626e-06,0.0006777331,0.00018460622,0.99898925
20180112-101728-2.jpg,8,8,0.00019097361,2.4245029e-05,4.6430393e-05,1.9931663e-05,1.2886078e-05,0.00032489157,2.6288358e-05,0.00029326322,0.99906109
20171205-144809-2.jpg,8,8,3.77693e-05,0.00042269434,5.0948379e-06,3.3167312e-05,1.6571684e-06,0.00026976916,2.1022942e-05,1.3888285e-05,0.99919494
20180109-080322-1.jpg,8,8,2.6094957e-05,3.0688879e-05,1.290395e-05,5.1467579e-05,6.1377552e-05,2.6373262e-05,0.0054022297,0.00017427605,0.99421459
20170727-111748-3.jpg,4,4,4.4407905e-05,9.4900643e-06,0.0020273124,0.0001733274,0.99433645,6.1110744e-05,8.3196977e-05,1.881275e-05,0.0032458917
20170715-102734-1.jpg,1,1,0.004504147,0.99438051,1.7681374e-05,5.6017958e-06,2.2085149e-05,1.2819173e-05,0.00011327381,0.00079651685,0.00014736382
20171113-143535-2.jpg,6,6,2.8772835e-05,0.00086217246,6.9232643e-06,1.2926239e-05,9.8100375e-06,9.3268753e-06,0.99884339,9.6601744e-05,0.00013008096
20170705-164308-0.jpg,7,7,0.00052855552,6.7195105e-05,8.3357127e-06,7.7320818e-05,4.9140762e-06,5.3084272e-06,5.9502904e-06,0.99583346,0.0034689606
20180105-095654-3.jpg,8,8,7.9774565e-05,2.0254271e-05,1.747687e-05,1.3676275e-05,2.622836e-05,4.037408e-06,0.00056762495,8.3891039e-05,0.99918704
20180109-095735-1.jpg,8,8,2.0382608e-05,3.6285765e-05,1.4808336e-05,5.9858103e-05,2.3595679e-05,7.7595323e-06,2.4463301e-05,0.00056757787,0.99924527
20170811-155004-2.jpg,0,0,0.99979252,1.0479516e-05,1.8634373e-05,6.907125e-07,1.3241924e-05,4.0381952e-05,2.317115e-06,9.788528e-05,2.385237e-05
20170304-132255-0.jpg,7,7,0.00093025587,2.0705295e-05,2.5949956e-05,5.447857e-06,2.8633531e-06,7.3466391e-06,7.4473232e-06,0.99895038,4.9606915e-05
20180125-094113-2.jpg,8,8,0.00016128231,0.00013621415,0.0014345245,0.00011160486,0.29689809,4.5764559e-05,0.00032999583,0.0003103327,0.70057219
20171219-093415-2.jpg,8,8,1.9428215e-05,0.00034512124,7.6702798e-06,1.6586765e-06,1.0538338e-06,2.6583006e-05,2.9350613e-06,2.9135063e-06,0.99959264
20171113-092918-1.jpg,5,5,0.00016706744,0.00032559583,9.1607835e-05,0.0001697904,0.00016272056,0.99049562,0.00051614882,0.00019827452,0.0078731718
20170715-154735-1.jpg,1,1,8.0423328e-05,0.99984629,4.905182e-06,9.0075939e-07,8.2289192e-06,3.6206364e-06,1.1267839e-05,3.5641015e-05,8.7188697e-06
20170718-132909-2.jpg,7,7,0.00066042236,2.9681627e-05,2.5934535e-05,7.2828237e-05,3.5515129e-06,3.4152418e-06,2.4500727e-05,0.99889902,0.00028064457
20180112-102945-2.jpg,8,8,0.00026543374,0.00014971261,1.3930818e-05,0.00049035797,0.00010387904,0.00015152084,0.00017071338,0.00043127716,0.99822317
20170811-133329-2.jpg,0,0,0.99997055,2.5152972e-06,2.878015e-06,3.9492096e-07,2.6032297e-06,2.4881241e-06,8.4008796e-07,1.4756208e-05,2.9752114e-06
20171205-143421-2.jpg,8,8,0.0020054216,0.00012850547,3.4062646e-05,8.1992075e-05,1.9637348e-05,0.013593354,0.00040840894,0.00045559558,0.98327302
20180125-095732-2.jpg,8,8,4.8561616e-05,2.1076332e-05,1.6757636e-05,2.2859222e-05,9.2582448e-05,7.989784e-05,0.00014466572,4.5619683e-05,0.99952798
20171219-094001-2.jpg,8,8,0.00022489676,0.00055227141,2.7161398e-07,0.00048665383,1.2839614e-06,9.7046706e-06,3.859254e-06,1.9480751e-05,0.99870158
20170714-134040-1.jpg,1,1,2.1312432e-06,0.9999521,8.3692023e-07,4.366035e-07,2.2659529e-06,6.338343e-07,1.681191e-06,6.1809382e-06,3.3737919e-05
20170714-122402-3.jpg,1,1,0.00015744899,0.99979417,3.7639207e-06,5.8915382e-07,1.0563094e-05,9.0554165e-07,4.2794801e-06,2.4666646e-05,3.6133006e-06
20180119-105326-1.jpg,8,8,4.3235878e-06,9.0240006e-05,2.1298335e-06,9.0699907e-05,3.0456475e-05,0.0011564916,0.00015936415,2.1527178e-05,0.99844477
20171121-084334-1.jpg,6,6,9.8518996e-05,0.00022176089,1.2064699e-05,1.3117742e-05,4.7968099e-05,1.7438587e-05,0.99841082,0.0010414478,0.0001368614
20180125-134446-3.jpg,8,8,7.2253962e-05,4.5801345e-05,1.5783182e-05,1.6894051e-05,4.6079904e-05,1.9348677e-05,0.0012933791,0.00041378035,0.99807668
20180322-130127-1.jpg,8,8,3.9318582e-06,7.0331454e-05,2.1379727e-06,6.885313e-06,7.6353784e-06,1.4645138e-05,2.9637677e-06,1.1262638e-05,0.99988021
20170729-093519-2.jpg,4,4,1.2910582e-05,1.1092657e-05,8.072115e-05,3.2369473e-05,0.99938664,4.1264676e-06,7.9446615e-06,1.8660107e-05,0.00044553379
20180119-110410-2.jpg,8,8,0.00027204423,0.00035646949,8.7201268e-05,1.4981856e-05,4.1863547e-05,1.4184859e-05,0.00014620008,0.00083542388,0.99823163
20170714-114700-3.jpg,1,1,6.7927868e-06,0.99993727,8.901856e-07,1.1351962e-06,6.6911485e-06,1.159025e-06,1.2824108e-05,1.2484577e-05,2.075143e-05
20180112-080950-1.jpg,8,8,1.3646192e-05,3.7928692e-05,3.9576516e-06,2.9554531e-05,7.0066474e-06,1.1275734e-05,4.9577019e-05,0.00014308104,0.99970397
20170707-111548-0.jpg,7,7,0.0088339353,0.023887943,0.00070211276,0.00025677372,0.00017210071,0.00013281425,3.2553684e-05,0.96437024,0.0016115238
20171205-123507-2.jpg,8,8,0.00022397034,0.0011875686,1.4412057e-05,6.8986469e-06,1.0716734e-05,0.0042600041,6.1595077e-05,0.00011235925,0.99412248
20171113-060610-1.jpg,5,5,6.1986307e-05,2.3917025e-05,1.6750265e-05,1.8812773e-05,1.0683538e-05,0.99914518,1.6102335e-05,2.2948972e-05,0.00068361837
20180109-080707-2.jpg,8,8,2.3656799e-05,2.4784115e-05,3.9240791e-05,9.4105738e-06,4.0558728e-05,1.4192129e-05,0.0012258809,0.00040766107,0.99821461
20171113-092826-3.jpg,5,5,0.00041996566,4.2867653e-05,0.00020969881,0.00012751116,0.00016598055,0.99625894,0.00044444813,0.0010228858,0.0013077027
20171109-070949-3.jpg,5,5,0.00029399328,1.1995658e-05,5.2749485e-05,5.6480353e-05,8.2168561e-05,0.99885243,9.0147964e-05,0.00020607917,0.0003539555
20180109-102721-2.jpg,8,8,0.00047737911,0.00087769288,0.0003109273,0.0037687976,0.0030967112,0.00027873603,0.00077188374,0.0017762759,0.9886416
20170706-110116-0.jpg,7,7,0.00026470184,7.0988928e-06,6.2706186e-06,6.7424015e-06,1.5023085e-06,4.8996294e-05,3.6938055e-05,0.99959922,2.8526851e-05
20171122-102759-1.jpg,5,5,0.0001916634,3.5643918e-05,5.4032426e-05,1.0290983e-05,3.5916385e-05,0.99944511,5.7839038e-05,3.9724815e-05,0.00012978009
20170727-115706-3.jpg,4,4,5.3080684e-06,9.3581598e-06,0.0013730518,4.1627284e-05,0.99688703,4.5161958e-05,5.1922271e-05,4.703513e-06,0.0015818362
20170126-100130-0.jpg,1,1,2.7135249e-06,0.99997703,5.1559178e-07,4.3690872e-07,1.5538953e-06,1.1448347e-06,4.8567639e-06,7.5381136e-06,4.2083727e-06
20170913-100453-2.jpg,3,3,0.00025842013,0.00028970213,0.00037107347,0.996531,0.000311191,0.0020713455,2.6543412e-05,2.7319994e-05,0.00011340063
20171025-082301-2.jpg,3,3,0.00089612688,4.16428e-05,8.3622478e-05,0.9969411,0.00031432291,0.00018856404,1.4962165e-05,0.00017911009,0.0013405446
20170127-101745-0.jpg,1,1,8.6665444e-07,0.99993829,9.0814273e-07,7.3409775e-07,1.9760988e-06,7.9261896e-07,2.9988851e-06,2.9211589e-06,5.0510546e-05
20170729-093119-1.jpg,4,4,8.4248921e-05,5.1653543e-05,9.6483976e-05,6.2782101e-05,0.99751615,1.3354762e-05,2.149437e-05,0.00023000746,0.001923824
20170410-153511-0.jpg,0,0,0.68537496,0.0023454296,0.00015054161,0.00012717744,0.0001591866,0.00028648911,9.8608918e-05,0.0075515868,0.30390602
20180112-075622-2.jpg,8,8,0.00017615123,0.00058872991,0.00021321227,0.0001403246,7.9566463e-05,1.6440968e-05,3.1138589e-05,0.0011195281,0.99763491
20171218-104106-3.jpg,8,8,0.00026922696,0.002136632,5.2032205e-06,5.1698432e-05,2.0985611e-05,0.0011609242,7.4974795e-05,0.00020504722,0.99607531
20170906-110733-2.jpg,3,3,0.0052118607,0.00045534997,0.0026826288,0.96960475,0.003197984,0.00037561959,0.00048201384,0.0015122501,0.016477545
20180322-114522-1.jpg,8,8,4.3838704e-06,1.3028516e-05,4.1468962e-06,2.6058248e-06,2.1033692e-06,3.6820119e-06,1.860826e-06,9.8428058e-06,0.99995835
20170714-150245-1.jpg,1,1,2.5533709e-05,0.99935283,7.7199379e-07,1.3424845e-05,0.0002809078,1.2428197e-06,4.2521559e-06,2.7455114e-05,0.00029357809
20180109-101349-2.jpg,8,8,3.7146189e-06,0.00011548504,1.2666784e-07,9.9436139e-06,2.3903982e-06,1.2077189e-05,3.2026469e-05,6.9186922e-06,0.99981732
20171025-092922-2.jpg,3,3,0.00084927367,5.8262792e-05,0.00017159537,0.99591414,0.0002475648,0.0016393186,4.000143e-05,8.812945e-05,0.00099171305
20180109-080525-2.jpg,8,8,7.7586019e-06,3.0495417e-05,1.0378786e-05,8.2993804e-06,5.1132647e-05,7.0725538e-06,0.00083552175,5.620746e-05,0.99899313
20171218-111840-2.jpg,8,8,0.0012574321,0.00026276768,0.030403672,0.00081082389,0.00041733957,0.0012927182,5.1768106e-05,0.0016307832,0.9638727
20170711-114614-0.jpg,7,7,0.0006287171,0.00016279588,0.00021924381,0.00023265518,3.2245638e-05,2.1006282e-05,7.8282274e-06,0.99800208,0.00069343009
20180109-094529-2.jpg,8,8,0.00088470272,6.3553029e-06,2.9728149e-05,1.466792e-05,0.00013727229,0.00013255262,1.7509385e-05,4.5460712e-05,0.99873175
20170913-121334-3.jpg,3,3,0.0020205472,0.00019888202,0.00014140531,0.98978214,0.0001457126,0.0074130253,6.2843032e-05,5.2691487e-05,0.00018275137
20170811-104216-2.jpg,0,0,0.99964329,5.68325e-05,9.7118194e-06,1.1332027e-06,1.9728541e-06,1.2459599e-05,1.5396508e-06,0.00011184015,0.0001612199
20171219-102358-3.jpg,8,8,4.9946357e-05,7.6379097e-05,6.1659882e-05,1.3678236e-05,9.3537481e-06,6.8460361e-05,2.2712382e-05,0.00016205261,0.99953576
20171025-080908-1.jpg,3,3,0.0011174434,5.5798124e-05,5.416664e-05,0.99705778,8.4932902e-05,0.00046254408,3.3314484e-05,0.00023010327,0.00090391721
20180109-101307-2.jpg,8,8,0.00013062915,0.00029645256,1.0788397e-06,0.00035579668,1.277205e-05,4.3506993e-05,2.762773e-05,0.00018395984,0.99894818
20180109-091303-2.jpg,8,8,3.3791672e-05,0.0006918924,2.5990959e-05,6.3504307e-06,1.0888165e-05,0.00018822208,3.0666266e-05,8.6447536e-05,0.99892575
20180112-102353-1.jpg,8,8,3.4593466e-05,8.0130319e-05,1.6306489e-05,1.5371195e-05,9.7897668e-05,5.5664388e-05,0.015704018,0.0001738837,0.98382214
20180322-105259-1.jpg,8,8,2.9950841e-05,0.000182643,1.4830012e-05,2.1818749e-05,2.8226334e-05,1.507508e-05,1.9994359e-06,6.5977567e-05,0.99963948
20180125-135144-3.jpg,8,8,9.3058432e-05,0.00011248662,1.0415394e-05,6.2971311e-06,9.0419659e-05,3.2386573e-06,5.4309503e-05,0.00029228831,0.99933749
20180105-095929-2.jpg,8,8,1.1783386e-05,2.1212837e-05,3.0197236e-05,8.8860409e-06,4.3691171e-05,1.4643478e-05,0.00074051801,0.00026769182,0.99886138
20170920-162202-3.jpg,2,2,4.7851789e-07,4.9922448e-07,0.99997798,2.4875503e-06,6.3722269e-06,3.4850947e-07,4.5041001e-07,7.3147909e-07,1.0648275e-05
20180322-111858-2.jpg,8,8,5.598065e-07,1.8143517e-05,1.4225569e-06,5.9413978e-07,2.6376005e-06,3.8048757e-06,1.9736309e-06,3.3677208e-06,0.9999675
20170129-102218-0.jpg,8,8,0.00093579491,0.00094069597,0.00011520536,0.00038900999,0.00042651207,0.00024640136,4.1762743e-05,0.00031123814,0.99659338
20180112-071131-2.jpg,8,8,0.0066394991,0.0026960319,0.014112113,0.012430078,0.010867162,0.00036096704,0.0003315438,0.0024301742,0.95013243
20180125-094825-1.jpg,8,8,2.0730736e-06,1.2184348e-05,8.3609775e-07,1.7454912e-06,3.6737153e-06,2.3128087e-06,7.0228367e-05,1.7292005e-05,0.99988965
20170920-140215-2.jpg,2,2,4.6182434e-05,1.5648634e-05,0.99717954,0.0008196898,0.00015572095,3.4347527e-06,8.4300319e-06,8.9573855e-05,0.0016817799
20171217-100549-2.jpg,8,8,1.8587421e-05,7.0808556e-05,1.5266635e-05,3.9268477e-05,0.0013239377,1.2972924e-05,1.1950112e-05,1.6323995e-05,0.99849088
20171219-113753-2.jpg,8,8,0.001036277,0.00031898508,0.0018590965,0.00012594094,0.0043861769,0.00083297192,0.0012054625,0.00085368583,0.9893814
20180109-080501-2.jpg,8,8,7.1139645e-05,4.3539757e-05,0.00017589689,1.2321317e-05,7.119895e-05,1.3268882e-05,0.0012770458,0.00063716442,0.99769842
20180109-105226-2.jpg,8,8,0.00096358133,0.0011682775,0.00058869306,0.0016858818,0.00010181175,0.00023578546,0.00010719544,0.020228178,0.9749206
20170129-103957-0.jpg,8,8,0.00023293937,0.0028287365,0.00012504719,0.00012536691,0.00021471677,0.00010734584,9.3546646e-05,0.0012734908,0.99499881
20180112-083518-1.jpg,8,8,8.4450067e-05,6.009066e-05,7.9924491e-06,0.00010529551,1.9280343e-05,1.7846514e-05,8.55969e-05,0.00040082043,0.99921863
20180109-100224-2.jpg,8,8,6.7587669e-05,0.0045729124,9.4736581e-06,6.9967136e-06,3.9507139e-05,4.2507322e-05,0.00020417199,2.1315875e-05,0.99503553
20170728-150022-1.jpg,4,4,1.2049231e-05,5.7682798e-06,0.00025844168,8.6459241e-06,0.99761059,7.1585489e-06,1.4974899e-05,1.433502e-05,0.0020680361
20180105-093005-3.jpg,8,8,1.7081545e-05,0.00072143424,3.2265501e-06,1.4824622e-05,2.1149652e-05,6.7088941e-06,0.0072936544,6.4390488e-05,0.99185753
20171220-084225-2.jpg,8,8,0.00032723431,0.00014016672,2.9597316e-06,3.4351275e-05,2.7042072e-06,0.00022358264,1.411672e-05,0.00015822498,0.99909666
20170610-122438-0.jpg,1,1,0.00039751726,0.99853826,1.4099824e-05,6.7196589e-06,3.0612431e-05,1.1716201e-05,2.9381177e-06,0.00031866107,0.00067947312
20171108-125806-3.jpg,5,5,0.00031446986,2.923199e-05,0.00019971835,3.0918121e-05,7.8937406e-05,0.99876767,8.3654329e-05,0.00037123014,0.00012416744
20171205-142945-2.jpg,8,8,9.9357523e-05,0.00035579543,6.6475916e-07,4.7119648e-05,4.0440112e-06,0.00044001993,6.6217236e-06,1.0062541e-05,0.99903631
20180109-104711-1.jpg,8,8,1.6137752e-05,1.1821346e-05,4.2153152e-06,9.1451624e-06,4.479175e-05,4.8042707e-06,8.2735595e-06,5.2761966e-05,0.99984805
20171219-102609-3.jpg,8,8,4.6948191e-05,7.0894204e-05,5.4120591e-06,1.3126098e-05,5.2551036e-06,2.0103856e-05,1.4365081e-05,2.1208375e-05,0.99980269
20170304-132134-0.jpg,7,7,0.028218303,7.2505482e-05,3.2885281e-05,1.6637249e-05,6.3018936e-06,5.5492805e-05,1.5062655e-05,0.97076697,0.00081584454
20171109-091146-3.jpg,5,5,0.00014008761,5.4508585e-05,2.6251973e-05,3.159106e-05,1.8138375e-05,0.9990183,6.1845031e-05,3.153225e-05,0.00061774476
20170728-154142-1.jpg,4,4,2.0250799e-05,9.8685868e-06,1.0856534e-05,1.0867492e-05,0.99830571,1.7284158e-06,2.6337199e-06,2.6348669e-06,0.0016354479
20171220-090745-3.jpg,8,8,8.1191152e-05,2.5156832e-05,8.8214381e-07,4.230523e-05,1.147375e-06,7.4259954e-06,5.1184582e-06,0.00082412925,0.99901264
20180112-093656-2.jpg,8,8,0.00017429409,0.00033507636,0.00013638774,2.1261845e-05,3.4793599e-05,0.00033487427,9.6180238e-05,0.00043978426,0.99842735
20180112-103015-1.jpg,8,8,2.8978789e-05,1.690327e-05,9.0806432e-06,2.8886528e-06,7.9439954e-06,4.2231795e-05,2.4352486e-05,4.8562429e-05,0.99981906
20180105-095642-2.jpg,8,8,7.2698538e-06,7.2712959e-06,5.9061036e-05,4.0133197e-06,2.9031377e-05,7.442927e-06,0.00029302278,9.686423e-05,0.99949602
20170727-130526-1.jpg,4,4,3.1888041e-06,4.1222189e-06,7.4733023e-05,2.5628836e-06,0.99964348,8.7884059e-06,5.7803874e-06,1.1945313e-06,0.00025614676
20170729-085730-2.jpg,4,4,2.118675e-05,1.665802e-05,3.1723335e-05,4.5361879e-05,0.99888413,2.3700306e-06,8.2401734e-06,4.0669279e-05,0.00094965625
20171203-170822-3.jpg,8,8,4.5314835e-06,6.4273947e-05,1.1633227e-06,5.2776507e-07,1.112862e-06,2.2140734e-05,4.3087165e-06,2.0811272e-05,0.99988113
20171113-123916-3.jpg,6,6,6.4768261e-06,3.4166431e-05,1.6017437e-06,1.9646154e-06,6.456482e-07,2.1859245e-06,0.9996172,0.00032201039,1.374891e-05
20180109-071353-2.jpg,8,8,4.433512e-05,0.00017304894,4.0086606e-05,0.00010767841,0.00043412417,3.1533089e-05,0.00049119315,0.00014909405,0.99852891
20170217-113329-0.jpg,0,0,0.99922137,8.3526698e-06,4.7655493e-05,4.4183942e-06,1.2373516e-05,7.2323768e-05,1.7156447e-05,0.00026532979,0.00035101976
20170210-142040-0.jpg,7,7,0.00042040247,3.5560566e-05,2.6483394e-05,1.2801503e-06,1.2622542e-06,5.11137e-06,9.6718996e-06,0.99946606,3.4170367e-05
20170217-115708-0.jpg,0,8,0.30456106,2.5153224e-05,0.00033912407,1.38911e-05,4.7307838e-05,0.00047219026,4.5210703e-05,0.00043654524,0.69405951
20180109-103135-1.jpg,8,8,2.1200246e-05,2.3305327e-05,8.698617e-06,2.6047104e-06,2.9673186e-05,5.5225701e-06,6.6581424e-06,4.8735972e-05,0.9998536
20180112-080825-1.jpg,8,8,0.00010835575,0.0003937633,1.1811426e-05,7.9186447e-06,2.6634022e-05,2.9376758e-05,8.6299349e-05,0.00043451118,0.99890133
20180112-091819-2.jpg,8,8,0.00011864002,4.5543053e-05,0.00010188401,2.2473853e-05,2.7688688e-05,0.00032910112,3.5755213e-05,0.00024211371,0.9990768
20171212-094638-3.jpg,8,8,4.9815701e-06,5.9313694e-05,8.0715041e-07,4.376741e-07,8.7334665e-07,2.3128122e-05,4.1614315e-06,1.2123147e-05,0.99989417
20180125-092209-2.jpg,8,8,3.1167565e-06,0.00026180088,8.1247803e-07,6.0066643e-06,5.2180464e-06,8.6844768e-06,6.4849083e-06,6.0130627e-05,0.99964775
20171102-120350-1.jpg,2,2,3.1818603e-06,2.9265819e-06,0.99984981,5.9375819e-07,9.7046487e-05,9.5459242e-06,1.6781095e-06,3.0213304e-06,3.21917e-05
20180109-110049-1.jpg,8,8,0.00035126424,1.9711892e-05,6.5135603e-05,9.9436884e-05,9.3096093e-06,4.0220913e-05,2.9806762e-05,0.0010892187,0.9982959
20171220-084017-2.jpg,8,8,0.0022987921,5.8660818e-05,3.6207987e-06,2.3452685e-05,1.6737597e-06,0.00084926014,1.6692322e-05,9.6098633e-05,0.99665175
20180109-091734-1.jpg,8,8,0.0019824428,2.300143e-05,1.4541531e-05,2.2757118e-05,1.0366229e-05,6.4931342e-05,0.00012896716,0.00068982737,0.99706317
20170404-154343-0.jpg,7,7,0.00022982045,5.9982715e-06,3.7397373e-05,2.7847863e-06,1.3714551e-06,2.461953e-05,4.0971414e-05,0.99965089,6.1479477e-06
20180119-105106-2.jpg,8,8,0.00014623568,0.00024363762,4.1908012e-05,6.4701401e-05,6.289456e-06,5.7447878e-06,0.00013124773,0.00031510523,0.99904513
20171025-092008-2.jpg,3,3,0.001504671,5.3846543e-05,0.00013900989,0.99671216,0.00010639258,0.00041060288,1.3026765e-05,0.00024529438,0.00081499573
20170630-154144-0.jpg,8,8,0.0013808216,0.015259481,0.00036891784,0.00022966567,0.0012972004,0.00092355927,0.0083127159,0.002931096,0.96929654
20171219-094908-3.jpg,8,8,4.1577441e-06,1.0405671e-05,1.0197495e-06,2.1914895e-05,5.5479291e-06,1.8536053e-05,3.2178965e-06,7.1877844e-06,0.99992801
20180322-104556-1.jpg,8,8,4.9144398e-05,5.4492793e-05,3.4494285e-06,0.00012378341,6.11297e-05,6.0954564e-05,8.7717734e-06,0.00014238035,0.99949589
20171113-100350-3.jpg,5,5,0.0002469608,1.540647e-05,9.031176e-05,1.016847e-05,3.9195796e-05,0.99945731,3.4572638e-05,7.2551237e-05,3.3527489e-05
20180125-100053-1.jpg,8,8,1.2910954e-06,8.922796e-06,1.3997598e-06,3.592943e-06,1.6406189e-06,5.0010429e-06,3.357723e-05,7.2649163e-06,0.99993731
20180109-071727-2.jpg,8,8,0.00017342143,0.0002452248,5.7315775e-05,0.00041159671,0.00081786679,5.8677463e-05,0.00047881127,0.00017628435,0.9975808
20171025-095141-3.jpg,3,3,0.0039178574,0.00013235908,0.00034352462,0.99254572,0.00082067111,0.00041516983,4.1590363e-05,0.00015485771,0.001628245
20170217-111616-0.jpg,0,0,0.97976989,1.2453369e-05,4.0172288e-05,7.2569675e-06,2.5714024e-06,0.00019685059,2.1013542e-06,0.019856542,0.00011216688
20180125-101105-1.jpg,8,8,1.5718356e-06,1.1584523e-05,5.8126015e-06,1.18833e-06,2.8333309e-05,4.0646459e-06,6.8489172e-05,2.4693389e-05,0.99985426
20171219-114710-2.jpg,8,8,6.2595364e-05,0.00061061908,0.00092072014,3.4910528e-05,7.5949732e-05,2.0124085e-05,9.652405e-06,5.4819568e-05,0.99821061
20180109-103842-1.jpg,8,8,7.0955471e-05,5.7251869e-05,4.7374884e-05,0.0004057164,0.00013151682,3.0603285e-05,6.4581194e-05,0.0010370657,0.99815493
20171219-102731-3.jpg,8,8,1.3346746e-05,1.0068771e-05,1.6326198e-06,4.2631403e-06,2.6069678e-06,0.0001073193,8.2923944e-06,1.2826881e-05,0.99983964
20170718-132824-2.jpg,7,7,0.0013042478,0.0023681637,7.4986877e-05,3.3743834e-05,1.2702764e-05,8.1863624e-06,1.954472e-05,0.99593896,0.00023946869
20171220-092741-2.jpg,8,8,0.0068584554,0.00081316651,0.00022918509,0.002884812,0.00013277616,0.0060135456,0.00025332573,0.0015971249,0.98121761
20171219-101145-2.jpg,8,8,0.00020740155,0.00037190862,1.1651243e-05,1.5174141e-05,1.675277e-05,0.0001265149,2.8889951e-06,4.2288753e-05,0.99920542
20171220-084427-3.jpg,8,8,5.3082944e-06,5.1487225e-06,6.6011894e-07,1.3751177e-06,4.8937693e-06,4.0703786e-05,3.4840588e-06,7.0998298e-06,0.99993133
20180125-094923-2.jpg,8,8,3.841362e-05,1.2972356e-05,2.4034418e-06,2.9668863e-05,2.7385454e-05,3.6172738e-05,0.00010687099,2.629144e-05,0.99971982
20180125-134014-3.jpg,8,8,3.9740862e-05,0.00010931615,1.247397e-05,4.7916254e-05,6.257769e-06,6.026332e-06,0.00013833786,0.00024890983,0.99939102
20170729-090610-2.jpg,4,4,7.3851709e-06,7.2922079e-06,6.3172444e-05,1.0343939e-05,0.99961103,3.1194424e-06,6.3081768e-06,1.7766921e-05,0.00027358153
20180125-131611-2.jpg,8,8,5.4294662e-06,3.9348869e-05,3.2348459e-06,6.6204333e-06,4.3583092e-06,4.6891054e-05,6.0311484e-05,5.4016862e-05,0.99977979
20170727-150343-3.jpg,4,4,3.9733392e-05,1.135421e-05,0.00027107143,3.8072546e-05,0.99683883,8.8778727e-06,2.2954697e-05,3.3743452e-05,0.0027353628
20170913-121031-3.jpg,3,3,0.0012631035,0.00084645088,9.1096222e-05,0.99029868,0.00046355167,0.0050832462,6.1007898e-05,8.9245381e-05,0.0018036227
20171102-095824-1.jpg,4,4,0.0013919946,0.00015857814,0.033650749,0.00019622977,0.94495383,5.1625873e-05,5.1072634e-05,6.2460985e-05,0.019483458
20171113-153310-0.jpg,6,6,6.7896462e-06,0.00014421093,8.7095081e-07,2.7576748e-06,5.2695085e-07,1.8718393e-06,0.99982024,1.977969e-05,2.9538235e-06
20171218-104940-3.jpg,8,8,0.00044534343,0.0016077582,4.1547103e-05,6.0827619e-05,1.8491857e-05,0.018532205,0.00015449909,0.00047564003,0.97866369
20171109-195110-1.jpg,5,5,0.0001524136,0.00037236583,4.7026922e-05,4.2072924e-05,4.3880775e-05,0.99867718,0.00010116992,0.00011262782,0.00045126073
20180119-115347-1.jpg,8,8,9.3076823e-05,6.493599e-05,0.00010109607,2.9460879e-05,1.8178432e-05,2.9080341e-05,0.00035025625,0.0006950812,0.99861883
20180322-115128-1.jpg,8,8,2.1355403e-06,9.1910742e-06,4.6810467e-06,1.2387024e-06,4.8633216e-06,4.7892182e-05,1.9665944e-06,7.4989524e-06,0.99992053
20170126-100311-0.jpg,1,1,2.3061146e-06,0.99996592,1.1162332e-06,1.6249533e-07,2.289798e-06,4.6859538e-07,4.00914e-06,1.3926781e-05,9.8007369e-06
20180112-100705-1.jpg,8,8,8.1112649e-05,2.6418802e-05,2.6152987e-05,1.2174944e-05,2.4315159e-05,5.3497923e-05,0.00029701556,0.0004975119,0.9989818
20171212-101621-3.jpg,8,8,0.00012955192,0.030152246,2.2095742e-05,1.2473138e-05,9.6519329e-06,1.704829e-05,0.0046219556,0.00049308857,0.96454189
20170920-131020-2.jpg,2,2,1.270966e-05,1.7131907e-05,0.99923593,7.1912401e-05,0.00022946575,0.00035000048,4.9907636e-06,4.2025472e-06,7.3655969e-05
20170718-100650-2.jpg,0,0,0.77445954,0.11461347,6.349504e-05,0.00075338609,0.00038700319,0.00072742003,0.00015094386,0.10352406,0.0053206877
20171218-112523-3.jpg,8,8,1.145142e-05,6.0426262e-05,3.0996649e-06,9.3163688e-06,7.0903515e-06,0.00011915592,4.1818959e-05,1.0235441e-05,0.99973741
20180109-110057-2.jpg,8,8,0.0016233919,0.0071682686,0.061673233,0.0018929923,0.0011967359,0.000459224,6.9608813e-05,0.00068003492,0.92523651
20170630-150516-0.jpg,7,7,0.00029752093,0.00013632722,9.5834105e-06,4.5242834e-06,2.2903489e-06,1.2292509e-05,3.9670268e-05,0.99948101,1.6776076e-05
20171025-081930-1.jpg,3,3,0.0012665561,0.00012981574,0.00011611505,0.99632014,0.00069801041,0.00068527691,3.9559504e-05,0.00015587999,0.00058865079
20171220-091645-3.jpg,8,8,0.048107898,0.00038941095,0.00010196856,0.002971092,3.0839286e-05,0.00086126237,0.00034150021,0.00084545008,0.94635058
20170727-130226-3.jpg,4,4,3.5570421e-06,7.0121325e-06,1.6667154e-05,1.1068954e-05,0.99952389,1.3650469e-05,3.3708388e-06,3.3138516e-06,0.00041746471
20171220-092523-3.jpg,8,8,2.4367571e-05,1.3705097e-05,6.4491706e-07,8.9041627e-06,3.864615e-07,5.0049604e-05,8.417816e-06,6.0569804e-06,0.99988747
20170728-122348-3.jpg,4,4,1.6824034e-05,3.0666273e-05,2.7450441e-06,5.4009912e-05,0.99044342,3.3891438e-06,1.5027079e-05,1.5417378e-05,0.0094185007
20170913-100131-2.jpg,3,3,7.0812874e-05,6.7684514e-05,3.3931298e-05,0.99757647,0.0010333488,5.356245e-05,3.8598524e-05,9.9331131e-06,0.0011156602
20180125-131845-2.jpg,8,8,4.436642e-05,0.00093709253,2.9695257e-05,2.8848255e-05,2.7643716e-05,0.00058107949,0.0043550956,0.00060309095,0.99339309
20171109-071248-3.jpg,5,5,0.002416901,7.4886514e-05,0.00013152093,3.0647189e-05,0.0001058539,0.99677514,9.4944265e-05,0.00030974055,6.0363685e-05
20170913-123129-3.jpg,3,3,0.0007063483,0.0001173911,1.6195299e-05,0.99742693,2.188452e-05,0.00050765587,2.5712639e-05,7.8523677e-06,0.0011700277
20171212-100725-3.jpg,8,8,0.00012510191,2.7869307e-05,1.3621844e-06,5.4406482e-05,9.1867997e-07,5.7315732e-05,2.107052e-06,0.00027779223,0.99945313
20170217-103728-0.jpg,0,0,0.99975722,1.797547e-05,1.1375264e-05,7.2070098e-07,1.2182633e-06,6.9277663e-06,2.1846668e-06,0.000195766,6.6111861e-06
20170906-111845-1.jpg,3,3,4.0209867e-05,5.4509889e-05,1.7391393e-06,0.99499379,1.9652594e-05,1.1332668e-05,4.7773321e-06,1.4428557e-05,0.0048595565
20171113-142238-2.jpg,6,6,1.2775552e-05,2.8218592e-05,7.9003587e-06,7.3368593e-06,5.3834921e-06,4.8868051e-06,0.99948415,0.00038624649,6.3100629e-05
20180112-072353-1.jpg,8,8,1.2246268e-05,0.00078828749,1.566534e-05,1.5253286e-05,4.2875662e-05,1.5817994e-05,0.00023653764,0.0002626123,0.9986107
20170304-130256-0.jpg,7,7,0.0004066704,3.2661365e-05,3.4426861e-05,3.6918918e-06,4.8244672e-06,1.395236e-05,1.4730002e-05,0.99945871,3.0332223e-05
20171220-092845-2.jpg,8,8,6.711718e-05,2.9776578e-05,5.59731e-06,5.33167e-06,3.632095e-06,0.00020644418,8.2586514e-05,0.00015108476,0.99944843
20171113-103847-0.jpg,6,6,1.0627896e-05,4.5041321e-05,4.6872832e-06,3.9851491e-06,5.5801292e-06,2.8803515e-06,0.99985875,6.4192952e-05,4.2541833e-06
20170811-163012-1.jpg,0,0,0.99824873,7.6876105e-06,3.4685637e-05,7.1042233e-06,2.8708655e-06,3.9937668e-05,4.0678573e-06,0.0010591519,0.00059576508
20180119-105244-1.jpg,8,8,4.0772694e-05,0.0014786269,3.4472285e-06,2.4120982e-05,5.3295594e-05,0.00014566218,0.0019027689,4.1837152e-05,0.99630947
20180119-115240-2.jpg,8,8,1.1690725e-05,0.00011170951,4.133972e-06,5.4699983e-07,1.9757145e-05,2.5333849e-06,8.1360088e-06,1.3820474e-05,0.99982767
20170610-121802-0.jpg,1,1,0.00023018135,0.96980556,3.1448034e-06,2.7135696e-05,4.0137149e-06,3.5199411e-05,0.0011186362,0.00015727196,0.028618853
20170705-163616-0.jpg,7,7,0.0062450214,6.3311786e-05,2.2219313e-05,0.0001563894,1.0014799e-05,2.8311496e-05,3.7061812e-06,0.99155757,0.0019134515
20180112-082805-1.jpg,8,8,1.8986989e-05,1.717119e-05,1.1536562e-05,7.9281043e-06,9.7083469e-06,2.1333653e-05,5.2479729e-05,0.00013090413,0.99972995
20171219-112449-3.jpg,8,8,0.0004417687,0.00016180218,0.00052087328,0.00020530081,0.0026075005,1.4143429e-05,0.00018731998,0.00013025492,0.99573104
20180109-103632-2.jpg,8,8,0.014160438,9.0173679e-05,0.030273216,0.0015525127,0.0085904192,4.5518886e-05,0.00081418748,0.030219818,0.91425372
20180125-100406-2.jpg,8,8,1.8163016e-05,2.8681378e-05,1.0414277e-06,2.9129978e-06,1.531485e-06,6.368163e-06,5.6954614e-05,7.4895592e-05,0.99980945
20171219-114148-2.jpg,8,8,8.8073279e-05,5.6128109e-05,0.00053643275,1.4974954e-05,6.6893098e-05,1.685084e-05,0.00013501598,0.00022241195,0.99886322
20180105-093132-2.jpg,8,8,0.00010346608,0.00075789635,0.00022756196,0.00038715989,0.00059361407,0.00030275369,0.011498987,0.0014136882,0.98471487
20180112-080419-1.jpg,8,8,0.00019525377,0.018914771,3.0007984e-05,3.0372935e-05,0.00010071058,4.1353256e-05,0.00023798699,0.0058873764,0.97456217
20170920-115235-3.jpg,2,2,7.5636453e-07,8.4418985e-07,0.99995975,3.0033637e-06,1.7078398e-05,1.1244537e-06,8.3404783e-07,1.7218508e-06,1.4891352e-05
20170210-133806-0.jpg,0,0,0.99085571,0.00034472575,0.00013742974,3.7237165e-05,3.5158944e-05,0.0012978981,1.7307583e-05,0.0060905683,0.0011839681
20171025-093113-3.jpg,3,3,0.0032778157,0.00011724964,0.00020701669,0.98153861,0.00042813951,0.00014311155,1.6175574e-05,0.0011710422,0.013100836
20180109-100707-2.jpg,8,8,0.0089341936,0.0017790448,0.0028830238,0.032150788,0.0058367674,0.00071447643,0.00065144725,0.016538498,0.93051176
20170714-141902-3.jpg,1,1,7.5063654e-05,0.9998147,3.4904343e-06,1.8399171e-06,9.7099934e-06,1.5161805e-06,2.480148e-06,8.6130963e-05,5.0661524e-06
20171220-100509-1.jpg,8,8,8.2332099e-06,4.936439e-06,4.6436565e-07,9.2375989e-06,1.3259617e-06,3.6038584e-05,2.1889278e-06,1.4226741e-05,0.99992335
20170210-150110-0.jpg,0,0,0.99739343,1.1366772e-05,9.5013111e-05,7.8587047e-06,2.0089856e-05,0.00011001808,1.5592049e-05,0.0013469512,0.00099967919
20180109-075037-2.jpg,8,8,2.7504442e-05,0.00010742197,0.00024905059,2.6679112e-05,4.1140046e-05,1.0772699e-05,0.0014049899,0.00054072802,0.99759171
20170714-120648-3.jpg,1,1,9.8069235e-05,0.99968389,2.1892049e-06,1.1437874e-06,2.1023307e-05,1.132525e-06,1.3238646e-05,0.00015302936,2.6282475e-05
20171212-102719-3.jpg,8,8,2.9455648e-05,7.379043e-05,4.5105029e-05,1.1157567e-05,1.5611238e-05,1.304726e-05,5.2312625e-05,8.0303046e-05,0.99967922
20170715-104352-1.jpg,1,1,1.199155e-05,0.99987878,1.6405308e-06,4.7083998e-07,4.4274864e-06,9.2711959e-07,7.1969005e-05,2.0829395e-05,8.967885e-06
20171121-091114-3.jpg,6,6,1.4655567e-05,5.0586482e-05,4.0293741e-06,8.6020906e-06,5.4967171e-06,8.1968328e-06,0.99969557,8.1453146e-05,0.00013140543
20170811-110245-2.jpg,0,0,0.99994574,5.9863114e-06,4.5174711e-06,2.4400013e-07,2.69899e-06,4.1444611e-06,4.9206843e-07,3.1747769e-05,4.4276425e-06
20180112-094331-2.jpg,8,8,2.1286655e-05,1.2960077e-05,5.3153932e-05,3.7306872e-05,1.1889657e-05,3.4690685e-06,1.8944242e-06,0.00012396111,0.99973408
20170920-095000-2.jpg,2,2,1.9856808e-05,7.1408628e-05,0.99863792,8.7671678e-05,0.00044287764,2.4120377e-05,2.9113639e-05,2.8142559e-05,0.00065889263
20170920-163450-3.jpg,2,2,1.4324975e-05,7.0884079e-05,0.99953296,8.3801658e-05,0.00011279944,0.00010939045,8.6232848e-06,8.3831138e-06,5.8835463e-05
20180119-115245-1.jpg,8,8,0.00011872386,0.0003611761,4.8744568e-05,4.5050427e-05,2.7236819e-06,6.9351702e-05,0.00059226718,0.00072210837,0.99803985
20180119-105107-2.jpg,8,8,2.0383297e-05,1.9174455e-05,5.1036721e-05,6.0934561e-06,6.1135301e-06,3.9974846e-06,5.7594411e-05,0.00037704681,0.99945856
20180109-091709-2.jpg,8,8,4.3724244e-06,2.7176146e-06,2.9423529e-06,2.4968949e-06,1.3807661e-05,2.4622034e-05,9.5454242e-06,1.4500698e-05,0.99992499
20170714-141813-3.jpg,1,1,4.4256082e-05,0.99986596,3.5642228e-06,1.2998071e-06,1.2194589e-05,1.0993484e-06,3.6534414e-06,6.2039287e-05,5.9305458e-06
20170913-100613-2.jpg,3,3,5.6697217e-05,3.5177825e-05,3.1061347e-06,0.99969149,2.3287069e-05,0.00016441034,2.7066028e-06,2.0314154e-06,2.1088753e-05
20170811-134256-1.jpg,0,0,0.99961605,8.4892054e-06,1.003122e-05,1.1282352e-06,7.3857821e-06,5.6278664e-06,3.5957135e-06,0.00024227898,0.00010540813
20171218-121252-2.jpg,8,8,2.8575393e-05,8.8505078e-06,3.1919652e-06,1.2600767e-05,5.9409892e-06,5.4806895e-05,0.00042158159,9.5046627e-05,0.99936941
20180322-132753-1.jpg,8,8,2.6384644e-05,0.00017530193,7.5106468e-05,2.58597e-05,8.97863e-05,0.00015575125,3.3425493e-05,6.5671725e-05,0.99935271
20171219-112019-3.jpg,8,8,0.00040649836,0.00043731744,1.8266862e-05,0.00015366141,0.0042805641,0.00038130846,0.00015255357,0.00011966365,0.99405017
20170913-104437-2.jpg,3,3,0.00016602969,0.00031004824,1.4403644e-05,0.99804735,5.2330912e-05,0.00036494235,1.6530413e-05,6.5374501e-06,0.0010218238
20180119-113519-2.jpg,8,8,2.5839688e-06,0.00013410977,6.7708415e-07,7.2633228e-07,5.0764395e-06,2.4594484e-05,3.3292805e-06,2.7349724e-06,0.99982617
20171113-135026-1.jpg,6,6,9.1094707e-05,0.00033984942,1.0780163e-05,4.2450171e-06,1.093196e-05,1.0310882e-05,0.99850737,0.00097537288,5.0046241e-05
20171113-141326-2.jpg,6,6,2.1209576e-05,7.9847505e-05,6.1534583e-06,5.8735371e-06,5.692339e-06,4.9398795e-06,0.99958835,0.00028177464,6.1544255e-06
20171212-094332-1.jpg,8,8,3.211985e-06,1.1125451e-05,4.3284594e-07,2.6719327e-06,5.8222244e-07,3.4280748e-05,2.1457089e-06,2.8053523e-06,0.99994274
20180322-121222-2.jpg,8,8,2.8570748e-06,1.8929069e-05,5.0045025e-07,1.127933e-06,1.5023091e-06,6.6625358e-06,2.6472846e-06,5.2700959e-06,0.9999605
20171109-073713-1.jpg,5,5,0.00044140564,0.00010703322,4.9595779e-05,1.211855e-05,3.4322056e-05,0.99880397,9.1546918e-05,5.5626556e-05,0.00040437951
20180119-105118-2.jpg,8,8,7.0971888e-05,0.00026097502,2.814119e-06,7.6447036e-05,1.8192239e-06,1.8144107e-05,4.1929529e-05,0.000198332,0.99932857
20180112-092119-1.jpg,8,8,2.7684681e-05,4.3596103e-05,4.0892882e-06,1.7499116e-06,2.3180059e-06,6.5071587e-06,1.080578e-05,0.00030136342,0.99960189
20171220-095140-1.jpg,8,8,2.7163834e-05,1.8857355e-05,1.7505564e-06,1.6674307e-05,8.1963826e-06,0.00050599141,3.7513089e-05,2.7548074e-05,0.9993563
20170217-114742-0.jpg,0,0,0.99952652,2.5274938e-06,1.6944235e-05,1.898746e-06,2.1686986e-06,0.00024349817,3.1478507e-06,0.00018076799,2.2529345e-05
20170906-100844-1.jpg,3,3,0.0034490295,0.00022395291,0.00040609176,0.99306696,0.00047527835,0.0011595773,3.6344737e-05,0.00066266672,0.00052009719
20171220-090203-2.jpg,8,8,3.1481421e-05,5.519088e-05,1.9661235e-07,3.958316e-05,3.7676675e-07,2.4053732e-05,2.3435516e-06,5.1085042e-06,0.99984167
20171219-105547-2.jpg,8,8,0.00053301877,0.0034933555,0.0010017901,0.0065230894,0.0099741067,0.00029176122,7.6780662e-05,0.00032155152,0.97778455
20170727-155004-3.jpg,4,4,1.6750294e-05,1.9033691e-05,9.6215802e-05,0.00035461647,0.99760588,2.2234425e-05,3.0655671e-05,1.6532455e-05,0.0018380816
20170704-151911-0.jpg,0,0,0.99989616,5.0633696e-06,1.4866688e-05,9.5131503e-07,2.3151651e-05,5.5726188e-06,3.0016334e-06,3.6167575e-05,1.5069323e-05
20170728-122417-2.jpg,4,4,8.7883626e-05,3.6901074e-05,0.0035983697,0.00012618164,0.99185861,1.0180129e-05,1.1912848e-05,8.8258459e-05,0.0041817007
20171109-093614-2.jpg,5,5,5.4127864e-05,5.6678027e-05,2.6463243e-05,6.2077158e-06,1.3298605e-05,0.99968689,5.7865175e-05,2.2386299e-05,7.6079659e-05
20180119-115023-1.jpg,8,8,1.420483e-05,7.9476305e-05,1.7594827e-05,1.190678e-06,9.9337049e-06,7.9348187e-06,6.6239442e-05,0.00041101215,0.99939241
20170727-152818-3.jpg,4,4,3.6222475e-05,1.778278e-05,0.00010688644,4.8075081e-05,0.99598166,1.4669002e-05,2.3735177e-05,1.8513274e-05,0.0037524585
20180322-113943-2.jpg,8,8,6.0516235e-05,1.5798732e-05,2.2979328e-06,3.7467616e-05,8.2443187e-06,4.7972989e-05,3.7191628e-05,0.00039405159,0.99939646
20171113-140603-2.jpg,6,6,3.8543438e-05,6.643487e-05,1.1568722e-05,1.9470495e-05,1.0977647e-05,1.2967126e-05,0.99589365,0.0036056812,0.00034070522
20180109-074228-1.jpg,8,8,2.0759069e-05,4.7128788e-05,0.00015902156,4.7207137e-05,6.4631876e-05,2.6043231e-05,0.00077889435,0.00036865514,0.99848766
20171220-082657-3.jpg,8,8,4.2436899e-05,9.2245285e-06,3.4266291e-06,5.5821389e-06,2.3397624e-06,3.0452216e-05,1.9024622e-06,4.1146496e-05,0.99986349
20180105-093229-2.jpg,8,8,0.00019100376,0.00020700129,0.00021529335,0.00014852748,0.0023850565,2.836723e-05,0.00087089389,0.00036459299,0.99558926
20170913-130528-2.jpg,5,5,0.0076445042,0.0052391416,0.00035720621,0.0011633605,0.069494876,0.90419705,0.00010056154,0.0011079228,0.010695373
20170811-134348-2.jpg,0,0,0.99982654,1.1659951e-05,1.0564779e-05,1.473896e-06,3.7399712e-05,8.1898814e-06,2.4264246e-06,5.4239703e-05,4.7503259e-05
20180109-090524-2.jpg,8,8,9.9980687e-05,5.1186504e-06,8.2703811e-06,8.7178759e-06,2.7464733e-06,8.0637022e-06,3.1176412e-06,8.6137367e-05,0.99977785
20171205-144519-2.jpg,8,8,3.0579497e-06,0.0031946515,5.135884e-07,1.2503193e-05,3.9805054e-06,0.00011862231,7.2045022e-06,2.9689554e-06,0.9966565
20170913-105303-1.jpg,3,3,9.4064993e-05,7.7561197e-05,3.5231899e-06,0.99927418,2.6578655e-05,0.00023330471,2.0459966e-06,2.4467754e-06,0.0002862961
20170405-155225-0.jpg,0,0,0.99989623,1.1000946e-05,1.6520533e-05,9.2056813e-07,1.0579344e-06,2.8949955e-05,1.2026507e-06,3.4505924e-05,9.606913e-06
20171212-093654-3.jpg,8,8,6.1884776e-06,4.5469238e-05,2.530803e-06,2.7090034e-07,1.5372165e-06,1.1182935e-05,3.1901881e-06,2.8825015e-05,0.99990081
20171219-095514-2.jpg,8,8,0.00028537894,0.00015156501,1.0365054e-06,2.5129623e-06,8.6209332e-07,3.5606092e-05,1.9016602e-06,2.608214e-05,0.99949505
20171212-093729-3.jpg,8,8,3.2723389e-06,7.0662452e-05,1.0602028e-06,1.5911865e-06,6.4975761e-07,3.4743928e-05,1.1564136e-06,1.4720144e-06,0.99988539
20170706-130402-3.jpg,1,1,0.00020398318,0.99876314,1.408219e-05,1.1555942e-05,4.4530227e-05,8.8640374e-06,1.8496485e-05,0.00086138625,7.3960982e-05
20180125-134115-3.jpg,8,8,6.5935905e-05,0.0001282415,5.8943436e-06,8.8221289e-05,0.0010964339,5.5180402e-06,0.00016576988,0.0001776708,0.99826631
20171025-081802-1.jpg,0,0,0.99968805,1.7842331e-06,1.2878076e-05,1.0886786e-06,1.6000533e-06,1.9431802e-05,1.1117146e-06,0.00023943232,3.4626952e-05
20170126-095120-0.jpg,1,1,4.7758417e-05,0.99920488,4.5087134e-06,7.3932556e-06,3.2307183e-05,5.1076805e-06,0.00013796281,0.00034495821,0.0002151284
20170920-192308-1.jpg,2,2,3.5187518e-06,7.7350902e-06,0.99984011,8.7320514e-06,8.4478453e-05,1.7838754e-05,2.5053981e-06,2.9105172e-06,3.2166289e-05
20170920-162920-3.jpg,2,2,0.0020656615,0.0015073783,0.97152407,0.0047132966,0.016896205,0.00046099212,8.6457804e-05,0.00094785179,0.0017980886
20170714-141527-3.jpg,1,1,5.2216681e-05,0.99195265,1.4987304e-05,1.5983627e-05,4.1207789e-05,1.0175327e-05,1.6578773e-05,0.00018865978,0.0077075452
20170913-122435-1.jpg,5,5,0.00010445518,7.4502372e-06,1.2265068e-05,2.3259576e-05,1.4409254e-05,0.9998226,1.3316646e-06,1.2452514e-05,1.7786436e-06
20171203-170559-3.jpg,8,8,0.00010434945,0.001017584,5.3927465e-05,6.8215546e-05,6.78901e-05,6.4449604e-05,0.00041565479,0.00037394245,0.99783399
20171218-103550-2.jpg,8,8,0.00020328099,0.00026512766,8.7827479e-05,9.2714969e-06,2.7082239e-05,0.00013978397,3.2275917e-05,0.00049596288,0.99873939
20171212-103923-3.jpg,8,8,0.00034345314,0.0019781924,0.00016661048,5.3990772e-06,2.9973006e-05,0.00019054045,6.3985569e-05,0.00087091159,0.99635093
20170705-165759-0.jpg,7,7,0.0021860996,5.4204708e-05,1.8486543e-05,0.00015564595,2.6697291e-06,7.2607845e-06,1.8975125e-05,0.99550481,0.0020518466
20180109-105722-1.jpg,8,8,1.6523636e-05,3.9183564e-05,0.00067148123,2.9673562e-05,0.00016785934,0.00015856726,0.0001318106,0.00021878866,0.99856611
20180322-132854-1.jpg,8,8,1.7056681e-05,5.4262474e-05,2.4153242e-06,0.00011276632,4.7342567e-05,1.9492578e-05,1.1682779e-05,8.2347569e-05,0.99965263
20180109-070324-1.jpg,8,8,1.3323874e-05,0.00011973677,1.2757326e-05,2.0135886e-05,3.5826841e-05,2.234818e-05,0.0020257839,0.00064684802,0.99710324
20171113-120501-1.jpg,6,6,0.000248569,0.0072164296,0.00018225574,4.9624982e-05,0.00020555463,0.00044183174,0.98572818,0.0024252888,0.0035022614
20180125-130359-3.jpg,8,8,2.7550822e-06,7.7804208e-05,1.1303093e-06,1.0868998e-06,8.1271155e-06,6.5875413e-06,2.110246e-05,1.5596723e-05,0.99986581
20171109-085310-2.jpg,5,5,5.3044853e-05,4.351319e-05,2.0833011e-05,1.4386564e-05,8.3991237e-06,0.9996255,1.8716371e-05,2.7943108e-05,0.00018766451
20170920-162725-3.jpg,2,2,9.0137449e-07,4.9374157e-07,0.99998404,2.9960972e-06,4.5536817e-06,6.2757015e-07,4.381769e-07,1.1065058e-06,4.8461015e-06
20170714-130929-1.jpg,1,1,3.292492e-05,0.97286247,0.00024894684,1.9077148e-05,5.2696553e-05,2.7367223e-05,0.0001949552,0.0026797296,0.02388183
20180125-131628-3.jpg,8,8,6.941154e-05,0.0012473532,2.6886034e-05,1.2217357e-05,3.094526e-05,5.7321151e-06,0.00025425715,0.021133956,0.97721924
20180119-110134-1.jpg,8,8,1.1328041e-05,0.00040844104,1.8736433e-06,2.0155076e-06,5.773111e-06,3.2991383e-06,7.8454585e-05,3.4609603e-05,0.99945421
20180112-101443-2.jpg,8,8,1.2565146e-05,1.4076569e-05,4.9409712e-05,2.1410809e-06,1.054411e-05,6.9758636e-05,1.0136597e-05,2.6963887e-05,0.9998044
20171109-074353-1.jpg,5,5,0.0025280416,0.00046281023,0.00036282121,0.00016802297,0.0001872363,0.97783225,0.0012545778,0.0082475601,0.0089566777
20180322-114811-1.jpg,8,8,2.3455941e-06,2.3309813e-05,2.2590244e-06,5.1241296e-07,1.4810834e-05,6.3654576e-05,3.6912997e-06,3.48676e-06,0.99988593
20180322-113756-1.jpg,8,8,0.004726544,0.0056155123,4.4331506e-05,0.0022979523,0.00030052747,0.00410588,0.00012263564,0.010557718,0.9722289
20170217-152510-0.jpg,0,0,0.99983076,9.3684945e-07,1.5806182e-05,7.5440265e-07,4.275812e-06,1.7402303e-05,4.2952086e-06,3.5298697e-05,9.0467228e-05
20171025-073717-2.jpg,3,3,0.0016002742,0.00036787371,5.981469e-05,0.99406915,0.00028801983,0.0019337786,4.9224612e-05,0.00010286939,0.0015289964
20170128-103533-0.jpg,8,8,0.0011441606,0.014013748,8.4795131e-06,0.0033944147,7.6001287e-05,0.00022744032,4.6072919e-05,0.0001907515,0.98089893
20170906-140427-1.jpg,3,3,0.014031255,0.001678903,0.023740246,0.78001586,0.097185796,0.00091672897,0.00051378923,0.0078917276,0.074025695
20180109-105049-2.jpg,8,8,0.00029147483,0.00018579831,0.0010068088,0.0029550537,0.00058390534,0.00011632443,9.997931e-05,0.0046698953,0.99009076
20171219-113556-2.jpg,8,8,0.00057669045,6.2653427e-05,0.00088760343,0.00012659284,0.00039679397,7.5005205e-05,0.0020098428,0.001266116,0.9945987
20170610-123424-0.jpg,1,1,0.00010795053,0.98976145,5.0859125e-05,1.2196462e-05,3.7109928e-05,2.6203818e-05,0.0023013037,0.00098856681,0.0067143645
20171113-093744-3.jpg,5,5,0.067664005,0.0058231337,0.0058286123,0.00020118632,0.00081633416,0.90716761,0.00016649492,0.0066504042,0.0056822214
20180112-081547-2.jpg,8,8,0.00014256805,0.0001794428,0.00038942622,0.00035130167,0.00011169601,2.4971015e-05,3.4142637e-05,0.00019927299,0.99856718
20171121-090451-3.jpg,6,6,1.816333e-05,4.7111759e-05,4.9494429e-06,3.1987108e-05,1.4488549e-05,5.1578016e-06,0.99970616,0.00012567099,4.6311324e-05
20170630-153456-0.jpg,8,8,0.40270292,0.005384995,0.0062184785,0.00018563338,0.0022564214,0.0012752216,0.00050922736,0.05968981,0.52177729
20180105-101539-2.jpg,8,8,4.7178957e-05,3.0265552e-05,0.00011443566,3.4062552e-05,0.0001407553,4.3348307e-05,0.009803187,0.00051203229,0.98927473
20171113-122649-3.jpg,6,8,0.00044692121,0.0001473512,0.00029443848,5.773146e-05,0.00011253026,0.00017372741,0.21988233,0.0066857457,0.77219922
20180109-092127-2.jpg,7,7,0.00017118664,3.6167147e-06,1.2228657e-05,2.0253479e-06,3.610197e-07,1.4665115e-05,0.00012656148,0.9996674,1.9587775e-06
20171218-121137-2.jpg,8,8,2.2474698e-05,1.4615758e-05,3.9883179e-06,6.807942e-06,3.5913965e-06,0.00039918247,2.7513822e-05,3.3880808e-05,0.99948794
20171113-133349-3.jpg,6,6,0.00023264352,0.00016453579,0.00015411225,0.0001168117,6.2461999e-05,8.4808142e-05,0.96020826,0.030513758,0.0084626083
20171121-181023-2.jpg,6,6,7.8030776e-05,9.1260491e-05,6.9671445e-06,3.0295405e-05,1.2837816e-05,1.9177241e-05,0.99920731,0.00047011774,8.4001071e-05
20171217-100810-2.jpg,8,8,0.00028321137,0.00027369492,0.00017419425,0.00035740604,5.7209774e-05,9.710843e-05,0.00053024051,0.0001941201,0.99803281
20180112-070845-2.jpg,8,8,5.5294713e-05,0.0012132588,1.7482212e-05,0.00013640724,0.00023536438,2.7518742e-05,6.4499852e-05,0.00015059458,0.99809958
20170714-170321-1.jpg,1,1,8.3206267e-05,0.99986845,1.7242106e-06,1.5776306e-06,5.497765e-06,1.929366e-06,1.6785952e-06,2.9857979e-05,6.0797664e-06
20170727-170649-1.jpg,4,4,2.0648863e-05,3.2459464e-05,2.674664e-05,4.7183628e-05,0.99669997,1.7911139e-06,1.0465622e-05,3.5876053e-05,0.0031248599
20170627-103624-0.jpg,0,0,0.99396364,0.0002255818,3.0874402e-05,5.4395129e-05,1.108717e-05,0.0014851471,4.854818e-06,0.0039883639,0.00023605841
20170920-131138-2.jpg,2,2,5.4920829e-07,1.1921673e-06,0.99997487,4.7910251e-06,7.7534238e-06,1.6840672e-06,9.2807209e-07,8.9948332e-07,7.3284998e-06
20171025-075929-2.jpg,3,3,0.00087268965,0.00030437712,6.4550225e-06,0.99645916,8.9575549e-05,0.00017194874,1.2783163e-05,7.5543139e-05,0.0020074698
20180125-133936-3.jpg,8,8,0.00024939851,0.00093727722,2.2365712e-05,1.0862628e-05,1.0337101e-05,1.7363756e-05,0.00013471662,0.0050516527,0.99356603
20171217-184402-2.jpg,8,8,3.2711033e-05,4.9703241e-05,3.240929e-06,8.0012017e-05,2.2810818e-05,0.00030358026,3.1978556e-05,1.4830873e-05,0.99946113
20170920-115515-2.jpg,2,2,6.0728238e-06,4.3111338e-06,0.99943894,4.6463642e-05,0.00013503293,2.6924902e-06,1.4906354e-05,1.3180932e-05,0.00033839707
20170718-101130-2.jpg,0,8,0.17279764,0.006221626,3.3838371e-05,0.00022216893,7.9068632e-05,0.0024027921,1.3973748e-05,0.0067577892,0.8114711
20180322-112939-2.jpg,8,8,1.627307e-06,1.7984664e-05,6.1960054e-06,1.8977731e-06,5.3811605e-06,7.8784673e-05,1.0822885e-05,7.2524251e-06,0.99987005
20170210-132528-0.jpg,0,0,0.99947829,4.3759834e-06,1.1453525e-05,1.3054332e-06,1.3845743e-06,6.6070443e-05,2.3502927e-06,0.00041450574,2.0261974e-05
20180119-112938-2.jpg,8,8,6.2819089e-07,1.4850436e-05,2.0616443e-07,2.3571018e-07,4.4557594e-07,1.3205411e-06,1.4416744e-06,8.1334988e-07,0.99998006
20180112-103023-2.jpg,8,8,0.00070096645,0.00042859507,9.9863296e-05,0.0035595088,0.00041250075,0.00018462311,0.00051864997,0.0025339181,0.99156137
20171218-111715-2.jpg,8,8,0.0014625559,0.00094708124,0.00086398964,0.00013820911,0.00054714059,0.00062378826,0.00024205808,0.0012425694,0.99393261
20170127-101912-0.jpg,1,1,2.4053361e-06,0.99995851,1.8789767e-07,1.4165862e-07,4.5084329e-07,1.5728993e-06,2.131547e-06,4.0194423e-06,3.0583456e-05
20180109-095348-1.jpg,8,8,4.0690262e-05,2.8759937e-05,2.0796488e-05,2.0033805e-05,1.2376667e-05,1.4456294e-05,3.0668008e-05,0.00037277542,0.99945944
20170714-111038-2.jpg,1,1,3.4224975e-05,0.99905162,8.5306341e-06,6.2013552e-06,2.460703e-05,1.0403167e-05,4.8178057e-05,0.00040953281,0.00040670507
20171102-094158-2.jpg,4,8,0.079139106,0.0015675835,0.13576079,0.013850798,0.29454372,0.00092732209,0.0004132852,0.0046735203,0.46912388
20180322-103244-1.jpg,8,8,0.00024140312,0.00049486343,1.2497368e-05,1.3858039e-05,2.5293685e-05,9.2186428e-05,1.0437809e-06,0.0011783616,0.99794049
20180119-115456-1.jpg,8,8,3.473912e-05,0.00022907863,1.2597254e-06,3.1359388e-05,1.43016e-06,3.9250919e-05,0.00018872866,0.00015237054,0.99932178
20180119-110255-1.jpg,8,8,2.522016e-05,0.00017161456,5.1641431e-07,4.6688872e-07,1.0704139e-06,1.9765858e-05,1.5219154e-05,4.4215043e-05,0.99972191
20180125-123133-2.jpg,8,8,6.2729428e-06,1.1891922e-05,1.5555885e-06,4.6204951e-07,1.4627345e-06,2.6563522e-06,1.4451672e-05,0.00013497441,0.99982627
20171109-090741-3.jpg,5,5,8.5360689e-05,3.0050974e-05,2.8515084e-05,1.2695281e-05,1.0342856e-05,0.99965374,4.8276862e-05,4.1664575e-05,8.9349019e-05
20170906-113501-2.jpg,3,3,9.3226145e-05,0.00015747227,7.653225e-06,0.99725285,0.00012184789,0.0003042662,2.7451053e-05,2.2652309e-05,0.0020125853
20170129-102716-0.jpg,8,8,0.00073384005,0.0010226135,0.00011689876,0.00035111847,0.00051260971,0.00039557301,9.9112845e-05,0.000287099,0.99648113
20170704-152423-0.jpg,0,0,0.96986569,0.0015979648,0.00010077121,7.1681213e-06,0.00013888201,0.0002387921,7.0803604e-05,0.0019277608,0.026052164
20180125-125818-2.jpg,8,8,8.7939712e-06,3.5850464e-05,9.3322274e-07,6.5581465e-06,6.0030029e-06,2.3201923e-05,2.5722182e-05,6.3054462e-05,0.99982988
20171113-135359-3.jpg,6,6,0.00019816425,0.00013984331,5.5832547e-05,0.00049711229,4.3746986e-05,5.9574013e-05,0.90693976,0.019948255,0.072117716
20180109-101108-2.jpg,8,8,1.6460183e-05,0.00032770199,1.8700682e-07,1.6477029e-05,2.3690922e-06,1.2464824e-05,3.2728547e-05,5.7425688e-06,0.99958587
20180119-114924-1.jpg,8,8,3.6486722e-05,0.00012626975,1.8590073e-06,6.3378993e-06,4.3913073e-06,3.5232003e-06,1.9341506e-05,6.1710627e-05,0.99974008
20170714-121609-3.jpg,1,1,6.3418658e-05,0.9989635,3.4706869e-05,5.0247349e-06,4.7351134e-05,3.3202331e-06,0.00026415635,0.00044701805,0.00017150515
20171212-093458-3.jpg,8,8,1.4110502e-05,0.00022120164,1.1797173e-05,2.798802e-06,1.3548831e-06,3.4161739e-05,3.2232888e-06,8.1968331e-06,0.99970316
20171220-095443-2.jpg,8,8,4.5107394e-06,1.3669357e-05,2.7051957e-07,1.3157872e-06,5.4073168e-07,2.2438863e-05,3.7003655e-06,1.9326505e-06,0.99995162
20171122-103613-1.jpg,5,5,0.00015752972,3.6404804e-05,4.965587e-05,1.5391838e-05,2.7626377e-05,0.99951859,8.4540464e-05,6.0776279e-05,4.9488231e-05
20171113-132431-3.jpg,6,6,0.0001560291,0.0016852392,5.0403562e-05,3.4199807e-05,5.0874495e-05,1.1105066e-05,0.99596862,0.00049655408,0.0015469713
20180105-100308-2.jpg,8,8,0.00022956673,0.00072838006,7.5038998e-05,8.0312117e-05,8.656231e-05,0.00013544059,0.0043677593,0.0086606936,0.98563625
20180109-085639-2.jpg,8,8,0.00031146669,0.00028351052,3.2802207e-05,0.0025671048,0.00015299695,0.00015830893,0.0004469542,0.0019345434,0.99411231
20171102-094113-1.jpg,4,4,0.00039341374,0.00026688549,7.1809084e-05,2.8143097e-05,0.9944532,1.1020589e-05,3.1967023e-05,8.7545187e-06,0.0047348106
20171219-105429-2.jpg,8,8,0.00014515781,0.0040232625,8.470455e-05,0.00022903131,8.6027053e-05,8.4115325e-05,1.0688947e-05,8.5395842e-05,0.99525162
20170906-114730-1.jpg,3,3,0.0020160723,0.00028829291,0.00059741967,0.99476405,0.00055356237,0.00058326668,8.4344387e-05,0.00029660171,0.00081638829
20170906-112532-1.jpg,3,3,0.00067823841,0.00015627712,3.0742067e-05,0.99181432,0.00050139441,0.0016630452,7.2083312e-05,0.00028249478,0.0048014084
20180109-074237-1.jpg,8,8,1.6083186e-05,4.4067774e-05,6.8825782e-06,1.8601867e-05,3.6540291e-05,1.6783708e-05,0.0013067612,9.1990162e-05,0.99846229
20171220-094955-1.jpg,8,8,1.4774773e-05,1.8366776e-05,3.4387689e-07,1.1445385e-05,1.4007594e-06,0.0001275802,1.3140757e-05,1.3452453e-05,0.9997995
20171122-100204-1.jpg,5,5,0.00013014924,2.2116569e-05,7.3021999e-05,1.6893149e-05,3.1674491e-05,0.99946757,0.00011983785,0.00010262884,3.610722e-05
20180109-073245-1.jpg,8,8,5.6186153e-05,3.9572767e-05,1.1538223e-05,5.7780891e-06,2.8053926e-05,1.2939881e-05,0.0011697557,0.00048144502,0.99819473
20171113-150659-1.jpg,6,6,9.7489078e-06,3.9845914e-05,4.3593664e-06,6.9024185e-06,8.8246851e-06,3.2339576e-06,0.99928585,0.00037088125,0.00027035409
20180109-104107-2.jpg,8,8,0.00048017885,0.00038892012,0.0022595973,0.0018230869,0.00060753462,0.00014372477,8.9713588e-05,0.0062945717,0.98791267
20170920-114851-3.jpg,2,2,5.610481e-07,5.8108338e-07,0.99998351,1.4659605e-06,4.8607386e-06,1.0839003e-06,6.4347854e-07,1.2102833e-06,6.0812057e-06
20180112-072727-2.jpg,8,8,0.0067925817,0.00025361351,0.00011753206,0.00053246808,0.00017207957,0.0001182985,0.00011060998,0.0044517372,0.98745108
20170610-122404-0.jpg,1,1,0.00035381785,0.99699887,7.0335341e-06,4.9265859e-06,4.534388e-05,1.7571132e-05,6.4648709e-05,0.0021846836,0.00032310734
20180119-105826-2.jpg,8,8,0.00010152861,0.00069276418,2.5521912e-05,1.3461363e-06,0.0016811804,3.1975856e-06,2.7380031e-05,1.1252565e-05,0.99745583
20170714-122250-2.jpg,1,1,0.0019828922,0.8757556,0.0072607402,0.00070843162,0.0025268519,0.00017503183,0.0011742752,0.019413577,0.0910026
20171218-112909-3.jpg,8,8,1.3547206e-05,0.0001652981,3.3367463e-06,1.238329e-05,3.8372558e-06,8.3521703e-05,3.327105e-05,4.3883568e-05,0.99964092
20170210-131209-0.jpg,7,7,0.00013867624,2.0024359e-05,1.1884281e-05,3.7208735e-06,8.358421e-07,6.5774315e-06,0.00034587176,0.99944193,3.0477517e-05
20171113-124317-3.jpg,6,6,1.050442e-05,9.1330386e-05,1.4138043e-06,3.2019973e-06,1.3876507e-06,2.5302048e-06,0.9998084,7.8773911e-05,2.4528239e-06
20170906-092311-1.jpg,3,3,0.0063563102,0.00021118258,0.00014034282,0.98321439,0.0034049165,4.9669304e-05,5.4322442e-05,0.0016312874,0.0049375827
20180125-100907-1.jpg,8,8,7.242296e-07,2.0029422e-05,1.1487719e-06,2.3437638e-07,5.418215e-06,1.1576319e-05,1.3418828e-05,6.9445827e-06,0.99994051
20171113-095154-1.jpg,5,5,0.046477026,0.0014895546,0.0013486658,0.00031876221,0.00092594776,0.84049312,0.0083278228,0.088150806,0.012468294
20180119-104653-2.jpg,8,8,0.00012279656,0.0047931494,5.4668997e-05,5.8438256e-05,1.5464348e-05,4.2146525e-05,6.4066368e-05,0.0004342049,0.99441506
20180112-082134-1.jpg,8,8,4.0521066e-05,0.00012766735,1.9980929e-05,2.6203139e-05,1.0535903e-05,1.967737e-05,6.0535653e-05,0.0015173407,0.99817754
20170718-133552-2.jpg,0,0,0.9807604,0.00013946123,0.00012767364,0.00051522524,4.1248503e-05,0.00012241464,3.6310542e-05,0.010023733,0.0082335305
20170714-120613-2.jpg,1,1,3.6658726e-05,0.99937653,1.6638247e-05,7.96541e-06,5.4385819e-05,9.1660183e-06,0.00011814318,0.00017464638,0.00020586168
20171205-133902-2.jpg,8,8,0.00033838221,0.00043439641,5.6942817e-07,0.00095481821,1.4578926e-06,9.7525376e-05,1.0227078e-05,3.4991957e-05,0.99812763
20171109-085043-3.jpg,5,5,0.00011201338,2.0177726e-05,1.6878916e-05,7.0073224e-06,1.3245405e-05,0.9997429,3.2237874e-05,1.4692846e-05,4.0851513e-05
20171025-090501-2.jpg,3,3,0.0035332775,0.000247834,0.00030074908,0.99250282,0.0016566286,0.00093315376,6.29496e-05,0.00018239732,0.00058018764
20180112-091208-2.jpg,8,8,0.00017565976,0.00011627095,1.371362e-05,0.00014783945,8.5362015e-06,1.9846469e-05,8.848391e-06,0.0011738302,0.99833545
20171025-092435-2.jpg,3,3,0.0015655004,5.9573742e-05,0.0001808566,0.99643199,0.000111291,0.00045403413,1.1817205e-05,0.00022530375,0.00095963697
20171220-101330-1.jpg,8,8,2.7146175e-05,1.605993e-05,7.4524976e-07,8.9038776e-06,8.3136463e-07,3.7578117e-05,1.6133145e-06,1.8636349e-05,0.99988849
20171025-080551-1.jpg,3,3,0.0010030817,2.4254762e-05,3.7408212e-05,0.99798201,6.1525906e-05,0.00027197752,1.5659079e-05,7.1343103e-05,0.00053273945
20171109-091730-2.jpg,5,5,0.00017812545,6.1732132e-05,7.8658937e-05,1.0678837e-05,4.4144689e-05,0.99943241,7.8770257e-05,8.0708427e-05,3.4768444e-05
20180112-092610-1.jpg,8,8,0.00035095007,0.00046105662,2.5346217e-05,1.4551284e-05,0.00015558059,3.2314302e-05,5.5903766e-05,0.00071006231,0.99819423
20171122-101245-1.jpg,5,5,8.7894388e-05,1.7786876e-05,9.0690199e-06,4.1671653e-06,6.1981878e-06,0.99978064,2.5039781e-05,1.0840611e-05,5.8361091e-05
20171109-090159-3.jpg,5,5,9.4720743e-05,2.6055798e-05,1.3677774e-05,8.7684542e-06,1.5020913e-05,0.99933541,5.672847e-05,1.0683928e-05,0.00043893386
20170913-100044-1.jpg,3,3,6.3981196e-05,3.1106053e-05,5.6393253e-06,0.99943728,4.7352806e-05,0.00037826648,5.1393994e-06,3.2705331e-06,2.7960537e-05
20171121-090211-3.jpg,6,6,5.3702935e-06,7.2900089e-05,2.9616958e-06,4.350517e-06,4.5426772e-06,2.1626307e-06,0.9998707,2.124549e-05,1.5765438e-05
20170404-154009-0.jpg,7,7,0.00014396561,9.0692255e-05,7.8703261e-05,7.0788659e-06,3.2482836e-06,1.3482454e-05,5.3022524e-05,0.99957405,3.575371e-05
20170803-131528-1.jpg,0,0,0.96680511,0.01076559,0.00013686673,6.6239597e-05,0.00019438384,0.00026059057,7.3580842e-05,0.016987967,0.0047096759
20170728-153257-1.jpg,8,4,0.00065659355,0.00063042263,0.0022734818,0.00041513249,0.70428709,0.00013976335,0.00016980021,0.0029799036,0.28844781
20171025-094048-2.jpg,3,3,0.00071266867,3.0628963e-05,8.8806451e-05,0.99838616,0.00015463771,0.00019534452,1.7906443e-05,7.9293113e-05,0.00033455815
20171113-143404-2.jpg,6,6,1.9241097e-05,0.00024747325,2.0761952e-06,2.8947214e-06,4.0050834e-06,1.0234287e-05,0.99964607,4.7156676e-05,2.0849829e-05
20170811-122637-2.jpg,0,0,0.99975272,2.6107836e-05,3.5053308e-06,1.7227792e-06,7.848852e-06,1.9273307e-05,6.5659434e-07,0.00013400982,5.41565e-05
20171220-083212-3.jpg,8,8,0.0033756137,1.9214976e-05,4.8303159e-06,0.00020077857,2.4621502e-05,0.00045348183,2.3356999e-05,0.00014608268,0.99575202
20170714-120921-2.jpg,1,1,0.00017342823,0.9989749,1.6341901e-05,2.3493493e-06,1.1534701e-05,4.0396645e-06,2.8131896e-05,0.0006954167,9.3855874e-05
20170913-110133-3.jpg,5,5,0.00072311466,3.048523e-05,0.00030472941,6.4963904e-05,0.00010534764,0.99811668,1.4271059e-05,0.00059431224,4.609224e-05
20180105-091815-2.jpg,8,8,0.00014629581,0.00053456027,1.7230392e-05,0.0047270789,0.00021414947,0.014503253,0.0054561076,0.000598412,0.97380291
20170627-103509-0.jpg,0,7,0.37616494,0.0028082703,0.0020238508,0.0091485563,0.065846367,0.00067792926,0.0001256614,0.37681022,0.1663942
20171113-092712-3.jpg,5,5,0.00035198443,7.7901618e-06,5.5356867e-05,3.4761308e-05,4.6490419e-05,0.99904793,7.7166318e-05,0.00031798632,6.0536737e-05
20180109-105926-2.jpg,8,8,0.00095417422,0.0032005364,0.0075317029,0.0005214872,0.00053020782,0.00023977626,9.7682925e-05,0.00077702596,0.98614741
20170404-154147-0.jpg,7,7,0.0012673028,0.00034688009,8.1965687e-05,9.7394013e-06,1.3479125e-05,1.0705944e-05,1.736954e-05,0.99820772,4.4836866e-05
20171220-085059-3.jpg,8,8,0.00052828591,0.00063669921,0.00014641336,4.8613228e-05,0.00033078327,0.00019269089,0.0005126269,0.0045610875,0.9930428
20180322-111927-1.jpg,8,8,3.9466689e-06,5.7453219e-06,1.2558213e-05,2.6414529e-06,8.8222327e-06,3.4077019e-05,1.9043812e-06,1.3535443e-05,0.99991677
20171203-164701-3.jpg,8,8,4.2698955e-06,0.000272425,1.7444429e-06,2.0941388e-06,5.3780808e-06,7.2220347e-06,1.1206299e-05,3.5894877e-05,0.99965977
20170811-131340-1.jpg,0,0,0.99985259,5.3179739e-06,1.8310143e-05,4.0801959e-07,1.2019268e-05,7.1623877e-05,1.8045461e-06,2.3900883e-05,1.4028776e-05
20171109-084834-3.jpg,5,5,0.0003380011,3.0398991e-05,0.00017462693,1.5093758e-05,6.77709e-05,0.99913869,0.00010594257,0.00011361363,1.5862107e-05
20171025-094751-1.jpg,3,3,0.0015452319,0.00015976482,7.4485859e-05,0.9920565,0.00032852978,0.00093348796,0.00013780965,0.00039324763,0.0043709424
20171121-090649-3.jpg,6,6,2.7913581e-05,6.950146e-05,7.7235724e-06,7.0314009e-06,1.0563119e-05,3.3850871e-06,0.99958489,0.00021954612,6.9448929e-05
20171113-120629-2.jpg,6,6,1.035788e-05,0.00020759839,7.4714336e-06,3.2979468e-06,5.985517e-06,4.1873465e-06,0.99943309,0.00030348426,2.4530925e-05
20180119-110243-2.jpg,8,8,3.4993734e-05,0.00023135888,2.672149e-06,4.9150371e-06,1.2831974e-06,1.2359146e-05,1.0560393e-05,0.00012194235,0.99957992
20171218-121226-2.jpg,8,8,4.6594259e-06,1.0717429e-05,2.0807743e-06,4.2273058e-06,2.2027482e-06,6.183225e-05,2.4698528e-05,1.9451404e-05,0.99987013
20171219-101256-2.jpg,8,8,0.00011628658,0.0013994204,0.00012048395,0.00035709473,0.000104019,1.4044202e-05,3.0896058e-06,8.794779e-05,0.99779761
20170210-142433-0.jpg,7,7,0.00026178754,3.7804946e-05,2.8125466e-05,2.2531344e-06,1.5854912e-06,2.666342e-05,3.8494119e-06,0.99963442,3.5081779e-06
20180105-095612-2.jpg,8,8,1.6662016e-05,6.6776077e-06,2.6612648e-05,1.0192039e-05,6.4320788e-05,9.2749964e-06,0.00050143214,6.7321971e-05,0.99929751
20180125-095928-2.jpg,8,8,0.00022023881,0.00029489196,3.9341422e-06,0.00058095466,0.00010161606,3.6383647e-05,9.3818759e-05,0.00010743737,0.99856072
20171201-120339-1.jpg,8,8,0.00020410208,0.00061042919,2.1234552e-05,0.0001540015,1.2151649e-05,0.0017844578,0.00015512517,0.00019460551,0.99686389
20171113-100841-1.jpg,5,5,6.8323283e-05,9.3290611e-05,1.2078392e-05,8.7863179e-05,1.6070665e-05,0.92403976,4.8500353e-05,3.2277775e-05,0.075601836
20171113-143650-0.jpg,6,6,8.0368211e-06,0.00012440239,6.803116e-06,4.8278317e-06,6.1720443e-06,2.4521849e-06,0.99972898,0.00011530845,3.0129652e-06
20180125-093131-1.jpg,8,8,5.3789004e-07,1.4689794e-05,9.5324908e-07,7.4168617e-07,5.9508404e-06,3.7987258e-06,9.2950232e-06,1.0861851e-05,0.99995317
20170811-114143-2.jpg,0,0,0.99929035,0.00029368675,9.0848994e-06,1.1566249e-06,5.5932535e-05,2.905509e-05,3.3559871e-06,0.0002445078,7.286629e-05
20170728-122322-2.jpg,4,4,4.8079003e-05,1.1068351e-05,6.5675655e-06,5.8314686e-06,0.9970646,2.5325787e-06,4.7772539e-06,3.8573406e-06,0.0028526903
20180109-091522-1.jpg,8,8,0.00019432096,0.0001079848,1.8218621e-05,0.00036936973,8.1220009e-05,8.1631265e-05,0.00027753407,0.00045806056,0.99841166
20180119-111405-1.jpg,8,8,5.4646288e-06,0.0002767469,5.7049616e-07,4.6019893e-06,6.4056241e-06,1.1614499e-05,3.7784237e-05,1.2049025e-05,0.99964476
20171220-101356-1.jpg,8,8,1.6764727e-05,3.1664473e-05,2.2030537e-06,5.582371e-06,3.3410541e-06,0.00017639547,8.6521196e-06,2.0878619e-05,0.99973452
20170210-141655-0.jpg,7,7,0.00037903622,0.00076632592,8.0880903e-05,2.7483217e-06,2.9270186e-06,3.789174e-05,1.3553717e-05,0.99863918,7.7455092e-05
20180112-094153-1.jpg,8,8,2.8948461e-05,0.00053718053,0.00010718293,2.8123994e-06,5.7806168e-05,6.626307e-06,6.4591529e-05,0.00038327877,0.99881157
20171109-072825-3.jpg,5,5,0.00017374113,4.6327797e-05,9.8086507e-05,4.8989293e-05,8.8856378e-05,0.99874133,0.00021604556,0.00021940777,0.00036721403
20180112-103147-2.jpg,8,8,0.00050896779,0.00052581063,0.00018019071,0.0013997209,0.00068719513,0.00053280677,0.00054735942,0.0010010822,0.99461687
20180125-135107-3.jpg,8,8,0.0001719167,0.0021266171,9.5348706e-06,2.2270745e-05,9.93289e-06,7.2905924e-06,6.342917e-05,0.011615282,0.98597373
20170627-104419-0.jpg,7,7,9.6693086e-05,1.493203e-05,1.0907807e-05,1.4729089e-06,6.8991042e-07,6.8886614e-06,1.6772443e-05,0.99984896,2.6864403e-06
20180109-075209-2.jpg,8,8,7.6655918e-05,0.00015846158,3.2566365e-05,0.00029842682,0.00028534447,3.3375298e-05,0.0012660301,0.00017833958,0.9976708
20180109-070824-1.jpg,8,8,5.5574297e-06,1.9160323e-05,1.3099887e-05,7.8150003e-06,2.6812644e-05,1.0950179e-05,0.0032577404,0.00017729829,0.99648157
20180112-071635-2.jpg,8,8,0.00022291209,0.00039883684,3.5933823e-05,7.8103431e-05,2.9604367e-05,4.9402637e-05,5.8984757e-05,0.0010334724,0.99809275
20180112-075608-2.jpg,8,8,0.0034613161,0.0003170039,0.00012130814,0.0017495547,0.00020797866,0.00011287199,9.1895149e-05,0.0041350392,0.98980303
20171109-092800-2.jpg,5,5,0.00068757624,0.00029574686,7.196078e-05,1.575226e-05,5.8230383e-05,0.99857,0.0001706364,6.859351e-05,6.15037e-05
20180125-133141-3.jpg,8,8,1.0327136e-05,3.8795133e-05,1.156342e-06,6.7171795e-06,1.7230048e-06,2.115328e-06,4.698024e-05,0.00017014572,0.99972204
20170501-144030-0.jpg,1,1,9.8632479e-05,0.99615632,6.4408068e-05,2.0757847e-05,3.1223812e-05,0.00016628243,0.00034939366,7.8972017e-05,0.0030340076
20170210-133239-0.jpg,0,0,0.99303338,0.00029417561,0.00040348222,8.448921e-05,0.00010545677,0.00027739345,8.0607447e-05,0.0054891798,0.00023183538
20171212-105638-3.jpg,8,8,0.0023666498,0.0033998167,0.00011699386,2.9164751e-05,0.00030956724,0.00016598117,0.0034367501,0.0025172785,0.9876578
20170714-110439-3.jpg,1,1,2.349913e-05,0.99980166,3.2960487e-06,2.5529374e-06,6.7599039e-06,4.8922542e-06,1.8607591e-05,8.9681591e-05,4.9051147e-05
20170718-133726-2.jpg,7,7,0.00025415752,9.5134471e-06,6.5284069e-06,4.172373e-06,8.9824849e-07,2.9947391e-06,6.1697e-06,0.9996939,2.1669811e-05
20180109-103902-1.jpg,8,8,1.1271156e-05,2.6312449e-05,4.2994187e-05,4.0433382e-05,5.2770598e-05,3.0697277e-05,3.1536071e-05,0.00029719289,0.99946679
20180125-100545-1.jpg,8,8,1.1767468e-06,1.7734849e-05,1.0182597e-05,2.2880465e-06,3.6962656e-05,1.7060863e-05,2.2190646e-05,1.4219097e-05,0.99987818
20170920-190330-1.jpg,2,2,3.4417078e-07,1.0203448e-06,0.99995679,1.4779973e-06,2.7840052e-05,1.7126552e-06,9.2434283e-07,5.9598745e-07,9.2928417e-06
20170728-123508-3.jpg,4,4,3.9621455e-05,2.2036521e-05,9.133139e-05,0.00019149952,0.99694533,1.5455473e-05,1.5759971e-05,3.2054764e-05,0.0026469149
20170728-153014-2.jpg,4,4,0.00046667834,0.0016378753,8.8130968e-05,0.00040703648,0.50982344,0.00052262364,0.00010743867,0.00017498809,0.48677179
20170714-141802-2.jpg,1,1,8.6349027e-05,0.99963345,1.3785114e-06,1.3419989e-06,6.2808301e-06,4.376753e-07,4.4393484e-06,0.00026206747,4.2506381e-06
20180322-130353-1.jpg,8,8,5.6721408e-07,4.09161e-05,6.0707683e-07,6.9728314e-07,2.9617978e-06,1.0527776e-05,4.7110107e-06,5.4686909e-06,0.99993354
20171219-113222-3.jpg,8,8,0.0011757919,6.4584116e-05,2.9639081e-05,0.00016121194,9.5957603e-05,4.0848485e-05,0.00032872881,0.00020369103,0.99789955
20180112-094704-1.jpg,8,8,8.458644e-05,0.00016840049,1.4865866e-05,9.0456416e-05,2.5709057e-05,5.4021262e-05,0.00014724996,0.0018394299,0.99757528
20171219-094601-2.jpg,8,8,3.1232871e-05,7.4720187e-05,1.4517605e-06,3.1216167e-06,9.6918011e-07,3.9112219e-05,2.6406645e-06,2.9513735e-06,0.9998438
20180112-082221-1.jpg,8,8,1.8425856e-05,4.1104794e-05,3.9488823e-06,3.7957655e-05,5.9866093e-06,1.7431052e-05,2.5782974e-05,0.00052503318,0.99932433
20180112-104110-2.jpg,8,8,4.0344263e-05,8.3969141e-05,3.8552201e-05,7.661805e-06,8.1837626e-06,9.8567537e-06,2.9402298e-05,0.00030993627,0.99947209
20170217-100851-0.jpg,7,7,0.00039086637,4.7243054e-05,6.7773783e-05,3.0220709e-06,2.7637738e-06,3.7235882e-05,1.2258834e-05,0.99942096,1.7875746e-05
20180322-114438-2.jpg,8,8,1.2020509e-06,1.451837e-05,4.0582951e-07,4.5416795e-07,2.3920907e-06,1.5441346e-06,1.027425e-06,5.3397441e-06,0.99997312
20171109-090659-2.jpg,5,5,0.00030360741,0.00049645701,9.27936e-05,2.6391115e-05,7.2690102e-05,0.99804475,0.00045408345,0.00023559605,0.0002736312
20170811-130737-2.jpg,0,0,0.99984989,5.3583044e-06,1.9882469e-05,4.4757815e-07,2.0982257e-06,6.2326551e-05,1.0622811e-06,3.4287568e-05,2.4645086e-05
20171203-174602-3.jpg,8,8,0.00020861665,0.0015678794,8.7278991e-05,1.6616001e-06,1.5377022e-05,6.0062087e-05,8.9399372e-05,0.00040343451,0.99756629
20180109-072336-2.jpg,8,8,2.0007712e-05,2.2305337e-05,0.00012235606,1.2998182e-05,3.342954e-05,1.9501407e-05,0.001700909,0.00062805276,0.99744044
20180105-095907-2.jpg,8,8,9.2695236e-06,1.2426281e-05,1.6713462e-05,3.5857671e-06,4.5053487e-05,7.8363172e-06,0.00043312281,6.9366053e-05,0.99940263
20180125-132354-3.jpg,8,8,0.00021748988,0.00023127371,3.4121486e-05,1.048358e-05,3.6437027e-05,2.4773934e-05,0.0024367363,0.0029895074,0.99401918
20171113-101919-1.jpg,5,5,0.00013513402,1.5678923e-05,1.1147626e-05,3.4654911e-05,1.1521035e-05,0.99874987,2.7952372e-05,3.4346079e-05,0.00097969486
20180322-103128-1.jpg,8,8,0.0026919075,0.00028765204,0.0018379682,0.00070612232,0.0070139337,0.0019559841,0.00044236722,0.0011351757,0.98392889
20171203-174141-3.jpg,8,8,0.00019712519,0.0043258917,6.5347308e-06,2.2277839e-05,2.9117607e-06,3.6766283e-05,1.7753015e-05,0.00036504658,0.99502569
20171121-091058-1.jpg,6,6,3.9555972e-05,0.0073119219,3.6177055e-06,6.4490018e-06,1.1399932e-05,6.8267839e-06,0.99147779,0.00073052625,0.00041191624
20170129-102727-0.jpg,8,8,0.00013904595,0.00014507801,2.0885048e-05,9.3743463e-05,9.3381561e-05,9.5692236e-05,2.803949e-05,1.9910689e-05,0.99936422
20171203-173117-3.jpg,8,8,2.0024738e-05,0.00036295357,8.9498859e-07,9.8322886e-05,2.9676327e-06,2.6552128e-05,9.6198227e-06,1.826786e-05,0.9994604
20180119-113840-1.jpg,8,6,0.00052870497,0.066128565,8.6654374e-05,5.8675605e-05,0.00016487563,9.7666644e-05,0.75854929,0.10430118,0.070084389
20171220-084120-2.jpg,8,8,8.4783038e-05,6.6524545e-05,4.086219e-07,3.1334769e-05,6.344707e-07,1.8454783e-05,1.6788334e-06,3.142994e-05,0.99976475
20171025-074230-3.jpg,3,3,0.00028725549,2.603574e-05,9.4757947e-07,0.99906654,2.0672329e-05,2.7366801e-05,1.3849709e-06,7.2347661e-05,0.00049744622
20180109-075358-1.jpg,8,8,5.9116753e-06,1.4074452e-05,2.2970459e-05,5.4890985e-06,2.8908712e-05,5.3511972e-06,0.00031650773,9.6480421e-05,0.99950431
20171109-193914-1.jpg,5,5,0.00016311176,2.273844e-05,3.1845436e-05,7.7991238e-06,1.5766005e-05,0.99956645,4.5308062e-05,4.1669627e-05,0.0001053142
20171121-073442-1.jpg,6,6,1.6552377e-05,0.00233042,1.1452222e-05,9.7085289e-06,1.5501927e-05,1.2747141e-05,0.9973805,0.00010128333,0.00012183351
20171205-144456-2.jpg,8,8,1.3010274e-06,0.0003574329,8.4944963e-07,1.2950039e-06,1.6965993e-06,2.215371e-05,1.2206003e-05,2.2279226e-06,0.99960084
20170304-124648-0.jpg,0,0,0.99941886,4.030467e-05,3.487589e-05,1.2000826e-06,2.3029886e-05,3.2051331e-05,6.258223e-06,0.00030379745,0.00013962497
20170706-110150-0.jpg,7,7,0.0024249241,0.00054674626,3.6945705e-05,6.2217773e-05,8.6464655e-06,3.3614863e-05,9.2271825e-05,0.99676087,3.3767763e-05
20170217-144005-0.jpg,7,7,0.00025052471,6.3041608e-06,2.3157501e-05,1.130142e-06,4.2031714e-07,9.7122174e-06,1.813573e-05,0.99968308,7.539982e-06
20170920-094446-2.jpg,2,2,1.7149256e-05,0.00010711863,0.99871739,6.1993135e-05,0.00067032002,2.7337101e-05,3.1968152e-05,2.3331075e-05,0.00034339143
20171113-134108-3.jpg,6,6,0.00019638523,0.0011962525,3.5593439e-05,0.00022703182,2.0334386e-05,0.00040277183,0.87647643,0.0025039981,0.1189412
20171203-170954-3.jpg,8,8,1.458848e-05,0.00032692568,1.1426221e-07,0.00028940995,1.3404725e-06,1.6974817e-05,2.632035e-06,1.7189408e-05,0.99933082
20180112-101450-1.jpg,8,8,0.00016055902,0.0047500531,0.00012929216,3.3680096e-05,0.00023283216,2.4912146e-05,0.0053862751,0.0038263391,0.98545606
20170920-095458-3.jpg,2,2,0.00021362376,0.00045146518,0.9559621,0.00025456356,0.0083418301,0.00011569994,0.0014835809,0.00023366177,0.032943479
20180109-105945-1.jpg,8,8,0.00021784509,1.1336665e-05,2.7934135e-05,1.4834832e-05,7.5189263e-06,4.0105362e-05,1.1294103e-05,0.00028685822,0.99938227
20171113-120134-1.jpg,6,6,4.5835579e-06,1.0798159e-05,1.749224e-06,3.4006183e-06,1.552594e-06,5.931062e-06,0.99934656,0.00040488499,0.00022053993
20180109-073915-1.jpg,8,8,3.8899531e-05,4.5779063e-05,8.4043087e-06,1.0853133e-05,6.133703e-05,1.7291583e-05,0.00032575591,0.001285973,0.99820571
20171212-103416-3.jpg,8,8,0.00142832,0.0059000408,6.732611e-05,0.00015215749,0.00015325783,0.00021268014,0.00039274226,0.0023402445,0.98935323
20171218-120143-2.jpg,8,8,0.00013643751,9.2756425e-06,2.2498373e-06,2.3389064e-05,5.2032655e-06,9.5625927e-05,5.7928897e-06,5.6825946e-05,0.9996652
20171218-115207-3.jpg,8,8,0.00018996866,8.3798503e-05,2.1146378e-05,3.4471305e-05,1.753293e-05,0.00097089939,0.00017220768,9.2722143e-05,0.99841725
20171109-195050-1.jpg,5,5,0.00011501981,1.4252074e-05,2.42808e-05,2.556829e-06,8.6708228e-06,0.99978043,9.5849012e-06,9.4527649e-06,3.5752994e-05
20180112-082504-1.jpg,8,8,7.4764379e-05,5.4693192e-05,7.1164563e-06,1.353153e-05,1.1877999e-05,2.782818e-05,0.0001301554,0.00027802302,0.99940201
20170714-121657-3.jpg,1,1,0.091765977,0.81004755,0.00087763807,0.00025615376,0.00093441155,0.00029254474,0.001788103,0.088929996,0.0051076224
20170728-150253-1.jpg,4,4,6.6560564e-06,3.4506479e-06,0.00013157929,3.7898019e-06,0.9979608,1.7305126e-06,4.6409703e-06,4.09304e-06,0.0018832548
20171219-112115-3.jpg,8,8,0.0005280009,9.6957741e-05,0.0094261343,0.00017247986,0.00022603914,0.00021116224,0.0047540443,0.0033528766,0.9812323
20171220-083853-2.jpg,8,8,2.6954845e-05,3.6149777e-06,3.3937287e-06,1.7300921e-06,3.0384741e-06,0.00034195819,5.4803086e-06,1.1761962e-05,0.99960207
20171212-094152-3.jpg,8,8,1.136455e-05,3.3119522e-05,3.9999964e-07,2.3042458e-06,3.5716703e-07,4.4834517e-05,4.0823905e-06,8.8750569e-06,0.99989466
20171203-173903-3.jpg,8,8,1.0197526e-05,0.00091103759,4.3397789e-05,1.4719862e-05,6.3946819e-06,2.3756644e-05,2.9962088e-05,9.4149e-05,0.99886638
20180125-095213-1.jpg,8,8,1.7972149e-06,7.5048688e-06,8.2287217e-07,3.5852636e-06,4.0512042e-06,3.1345537e-06,8.1530328e-05,1.4256801e-05,0.99988332
20170811-111506-1.jpg,0,0,0.78366173,0.0023006425,0.0014004193,6.8636726e-05,0.0001884993,0.0011162187,7.6242151e-05,0.17915085,0.032036766
20180105-101617-2.jpg,8,8,2.8073137e-05,2.0654821e-05,0.00011815567,1.6134077e-05,5.9649047e-05,1.324281e-05,0.0016133515,0.00018030014,0.99795044
20180109-065829-1.jpg,8,8,1.9501726e-05,0.00010332559,2.0141925e-05,6.7117396e-05,3.7543055e-05,2.7402364e-05,0.0014052299,0.00058094409,0.99773879
20171220-090611-2.jpg,8,8,0.00035285533,0.0013523897,9.7597529e-06,2.4464386e-05,5.6379668e-06,8.6228697e-05,2.9076952e-06,0.00026883113,0.99789693
20180125-131454-2.jpg,8,8,6.2282225e-05,2.3549158e-05,3.9927396e-06,4.424304e-06,5.6311081e-06,5.7479403e-05,4.1355309e-05,4.8693382e-05,0.99975259
20170714-114911-3.jpg,1,1,5.1905634e-05,0.99981812,3.2175972e-06,1.7218053e-06,9.7189515e-06,2.0587113e-06,8.2766599e-06,5.9202988e-05,4.5772984e-05
20171102-120027-1.jpg,2,2,7.0620072e-06,4.3702362e-06,0.99982952,1.1679116e-06,5.4430281e-05,2.83254e-05,3.6685145e-06,4.7602166e-05,2.385753e-05
20170906-114631-1.jpg,3,3,0.0040178373,0.00011152518,3.8611293e-05,0.93831604,1.089794e-05,2.0455527e-05,0.00015438354,0.012830222,0.044500028
20170210-130823-0.jpg,7,7,0.00012137212,1.8463259e-05,3.528321e-05,2.170896e-06,1.5958677e-06,2.3215687e-05,1.2732487e-05,0.99978229,2.8762937e-06
20171203-165944-3.jpg,8,8,0.00012679499,0.0014473233,1.2136196e-05,0.00013922717,3.7240806e-05,0.00028017674,5.6481434e-05,0.0004064574,0.99749416
20180105-100429-3.jpg,8,8,1.0341464e-05,1.5887966e-05,8.5025411e-07,7.3504835e-06,2.3489339e-05,3.265305e-06,0.00090491184,5.731793e-05,0.99897659
20170714-115651-2.jpg,1,1,2.1561685e-05,0.99853148,3.4492966e-06,7.2798927e-06,8.602995e-06,3.2278787e-06,5.9137144e-05,6.0482797e-05,0.0013047775
20180112-082218-2.jpg,8,8,0.0023634833,0.00019258252,0.00019025544,0.00055593728,3.1141123e-05,8.1561296e-05,3.7491171e-05,0.0074312006,0.98911635
20171220-092053-2.jpg,8,8,0.00094467851,0.00023262569,3.9799673e-06,0.00015310361,3.1926597e-06,0.0011491211,1.8956125e-05,4.9673527e-05,0.99744467
20170718-100305-2.jpg,0,0,0.68683496,0.00054078282,0.00067224955,0.25012142,0.00053544798,0.00054979422,0.00012010458,0.049292591,0.01133265
20171109-072135-3.jpg,5,5,0.0025378973,3.6201153e-05,0.00015060479,2.7716094e-05,5.3403298e-05,0.99590858,0.0001074165,0.00080395752,0.00037422013
20171025-074849-2.jpg,3,3,0.00061902748,7.6782873e-05,7.8824447e-06,0.99830263,5.479477e-05,9.3224358e-05,1.4821938e-05,5.6437637e-05,0.00077440151
20180112-102528-1.jpg,8,8,0.0009100226,0.00036671557,0.00035300228,5.0307099e-05,0.00032341806,0.00055133416,0.0039215621,0.00087703912,0.9926466
20171025-094918-1.jpg,3,3,0.00036243824,3.0886236e-05,3.4313253e-05,0.99727519,0.00015456425,0.000578825,7.8941773e-05,8.0626117e-05,0.0014042148
20170704-155615-0.jpg,7,7,0.0057582303,0.0044323265,4.9279944e-05,3.9164793e-05,4.9935441e-06,4.2873074e-05,3.5273433e-05,0.93968046,0.049957403
20171121-074235-1.jpg,6,6,4.1505647e-05,0.0043545043,3.8105119e-05,5.8418815e-05,6.0557424e-05,0.00010732236,0.98775025,0.0025557192,0.0050336215
20171109-092406-1.jpg,5,5,0.00019033618,3.508055e-05,5.7030635e-05,1.0704924e-05,2.8571434e-05,0.99950211,5.5464364e-05,8.1598142e-05,3.9100868e-05
20170610-123122-0.jpg,1,1,2.6789073e-05,0.99991724,2.409756e-06,3.6660095e-07,3.058977e-06,1.0678609e-06,5.3126613e-06,3.5158063e-05,8.5949577e-06
20171109-093645-3.jpg,5,5,0.00051235632,3.2436023e-05,0.00012600529,2.5060301e-05,8.3466092e-05,0.99890126,7.7242438e-05,0.00022122266,2.0950643e-05
20180125-123155-2.jpg,8,8,2.1995792e-05,5.549203e-05,1.783034e-05,1.502051e-06,1.8081542e-05,1.5103124e-05,8.4328648e-05,0.00017678605,0.99960888
20180112-081025-2.jpg,8,8,0.0005120112,0.00060792888,0.00034331817,0.0033522248,0.0022401137,7.7120363e-05,0.00028046586,0.0023421724,0.99024464
20170906-092947-1.jpg,3,3,0.00032242946,0.00011821172,1.4343948e-05,0.99787593,0.00015497273,3.6213469e-05,1.1556258e-05,9.659554e-05,0.0013697457
20180119-113009-2.jpg,8,8,2.4202894e-05,8.2748566e-05,6.160639e-07,9.4257042e-06,8.2195698e-07,1.364432e-05,2.048991e-06,9.1443543e-06,0.99985735
20171203-172149-3.jpg,8,8,0.00080116965,0.00047330943,1.8952386e-05,0.00020165632,2.1550098e-05,5.6367293e-05,5.376417e-05,0.015892165,0.98248107
20171121-072941-1.jpg,6,6,3.172897e-05,0.0049903169,6.1175446e-06,9.3913984e-06,8.3697779e-06,5.2504772e-06,0.9946193,0.00023302886,9.6491482e-05
20180105-100443-2.jpg,8,8,7.1560435e-06,1.1103923e-05,1.1993061e-05,1.2300647e-06,9.1065122e-05,2.4469913e-06,0.00023277384,7.0320562e-05,0.99957191
20180125-135034-2.jpg,8,8,1.0388689e-06,0.00025917824,8.9040781e-07,3.2908611e-06,6.8064147e-06,9.6294638e-06,6.6018791e-06,9.6023542e-06,0.99970296
20171220-083350-2.jpg,8,8,2.1969593e-05,4.3050212e-06,1.5798917e-06,4.4621512e-06,1.3391206e-06,0.00011707951,5.5191193e-06,8.5859984e-06,0.99983516
20171121-090235-3.jpg,6,6,1.833593e-05,0.00034401776,5.8650962e-06,6.2637957e-06,1.0686379e-05,4.3272326e-06,0.99898076,0.00021109493,0.00041864973
20170405-155617-0.jpg,0,8,0.46065058,0.00091640864,9.9848643e-05,8.9471061e-05,0.00011838809,0.00046127053,0.00022108795,0.005445155,0.53199779
20170128-102642-0.jpg,8,8,0.00062898784,0.081695139,7.8875572e-06,0.0010689612,5.3648987e-06,0.00014202434,0.00042184537,0.0006468126,0.91538298
20180109-085911-1.jpg,8,8,1.5244756e-05,8.2815496e-06,1.4912562e-06,2.3929649e-06,5.4544379e-07,1.1987609e-05,4.4209923e-06,8.064434e-05,0.99987499
20171218-104341-2.jpg,8,8,0.00076760115,0.0078930149,8.1785833e-05,6.4267396e-05,8.3523657e-05,0.0067107172,0.001486591,0.00043912424,0.98247337
20170920-160449-3.jpg,2,2,2.0780167e-05,6.5121965e-05,0.99907774,2.479099e-05,0.00051473313,7.9673845e-05,1.6616049e-05,4.4132689e-06,0.00019612983
20171025-093313-1.jpg,3,3,0.0012545766,4.1442927e-05,3.4081114e-05,0.99552552,7.5760896e-05,0.0012091033,2.4100373e-05,0.00021004523,0.0016253705
20170718-132427-2.jpg,7,7,0.00032146901,1.9070545e-05,1.1744785e-05,2.72037e-05,6.9052556e-06,3.7500367e-06,8.3927391e-06,0.99944553,0.00015593104
20180105-093410-2.jpg,8,8,9.9145248e-05,5.9444524e-05,0.00028724723,4.9713871e-05,6.543703e-05,2.0262419e-05,0.00097590979,0.0005396104,0.99790323
20170715-131853-1.jpg,1,1,5.2472224e-06,0.99992964,1.7473368e-06,9.6523658e-07,2.3859996e-06,2.8592892e-06,1.3034871e-05,5.5192273e-06,3.859762e-05
20170729-092430-1.jpg,4,4,1.4408354e-05,5.3811362e-05,3.2251223e-06,3.5982375e-05,0.99962179,2.9563406e-06,3.5749846e-06,1.1509172e-05,0.00025273979
20180322-114739-1.jpg,8,8,1.5175901e-06,1.1211873e-05,1.8307631e-06,9.9129028e-07,1.3518377e-05,6.3728283e-05,2.8159087e-06,2.6557292e-06,0.99990173
20170714-114444-2.jpg,1,1,9.1467222e-05,0.99761262,8.3492436e-05,2.6274013e-05,4.7417425e-05,3.3131322e-05,0.00018534238,0.0010293773,0.00089087339
20180109-101356-1.jpg,8,8,0.00065663388,0.00010327067,1.1616429e-05,7.1866424e-05,2.3277609e-05,0.00018471278,0.00020926331,0.0019220422,0.99681732
20180105-092644-2.jpg,8,8,4.9666623e-05,0.00015550832,4.7883314e-05,2.944895e-05,0.00036183774,1.1674392e-05,0.00023348822,8.3748665e-05,0.99902674
20170714-112539-2.jpg,1,1,2.8916245e-05,0.99981319,4.4450344e-06,2.360483e-06,7.4648291e-06,1.9533466e-06,4.6052897e-06,0.00010462069,3.2445742e-05
20180112-071857-1.jpg,8,8,1.4844252e-05,0.00011249153,2.0627546e-05,7.7243708e-05,8.8770221e-05,1.7696009e-05,0.00021506331,0.00012650649,0.99932676
20170718-094600-2.jpg,0,0,0.95523038,0.0028722131,0.0013287974,0.019234922,0.0001261398,0.0065476845,4.6323588e-05,0.0084176745,0.0061958681
20180112-080611-1.jpg,8,8,7.8789449e-05,0.00025585589,1.1139622e-05,3.1914417e-05,3.7110236e-05,1.7888633e-05,0.00036048843,0.0029206106,0.9962862
20180112-075851-2.jpg,8,8,0.0030731948,0.00063659633,0.0002613118,0.0029351842,0.00011164299,3.3954341e-05,6.2032046e-05,0.0054202074,0.98746588
20180109-072257-2.jpg,8,8,5.2130254e-05,0.00014333758,0.0003105819,0.00026690916,8.9389286e-05,0.00010161873,0.011094703,0.0016782991,0.98626303
20171220-090319-2.jpg,8,8,3.0995694e-05,2.5335873e-05,1.4636978e-06,7.7476471e-06,3.7226222e-07,2.9422005e-05,2.9537332e-06,5.665004e-06,0.99989604
20171025-075034-2.jpg,3,3,0.00039804462,4.4994797e-05,3.2384693e-06,0.99918959,1.8440055e-05,0.00010225228,6.5147577e-06,3.5641752e-05,0.00020128691
20171219-093218-2.jpg,8,8,0.0013796377,0.00068551626,5.1500709e-06,1.2428483e-05,5.6052449e-07,0.00016103703,1.4355107e-05,3.9547489e-05,0.99770177
20170811-134322-1.jpg,0,0,0.85428621,0.0010881995,9.9921985e-05,2.9557038e-05,5.5925638e-05,0.00012021585,9.617065e-05,0.1246662,0.019557605
20180109-090828-2.jpg,8,8,8.7238568e-05,0.00026703694,1.6736393e-05,0.00086518333,1.1580343e-05,0.00037010246,3.5519907e-05,0.00033871659,0.99800789
20180322-114102-1.jpg,8,8,6.0685179e-05,4.6407748e-05,6.1513895e-05,8.2391676e-05,0.00012815913,0.01212688,2.7827871e-05,7.7353582e-05,0.98738878
20171205-134332-2.jpg,8,8,0.00043725835,0.00016009422,4.0398176e-06,3.2932292e-05,9.2949949e-07,1.8259783e-05,3.8353771e-06,0.00014254673,0.9992001
20180112-092341-2.jpg,8,8,0.0015814288,0.001602113,0.00064767422,0.00039963457,0.00036158364,8.6318235e-05,0.0014187199,0.025958946,0.96794358
20180125-125757-2.jpg,8,8,1.0525363e-06,4.7212052e-05,1.8040717e-06,1.2658488e-06,3.8487656e-06,9.4483606e-06,2.7006079e-05,1.9313927e-05,0.99988905
20171203-170028-3.jpg,8,8,0.00014303744,0.0022251605,5.4423194e-06,0.00016041551,2.2789332e-05,1.6789872e-05,7.9734229e-05,0.00065035151,0.99669628
20171220-101708-2.jpg,8,8,2.1903657e-05,0.00021433093,8.4671407e-07,6.9929443e-06,3.6682397e-06,0.00080379251,7.221917e-05,1.8145659e-06,0.99887443
20180119-110514-2.jpg,8,8,5.9283062e-05,3.9106802e-05,4.1386462e-07,6.5939613e-07,1.8966574e-06,3.0734601e-06,2.9567103e-06,9.2487927e-06,0.99988336
20170920-130730-2.jpg,2,2,2.4643011e-06,5.1579473e-06,0.99801583,8.8706416e-05,0.0017023668,2.1859715e-06,6.6597642e-06,6.9166164e-06,0.00016970775
20180322-111123-2.jpg,8,8,8.1912375e-07,3.2920889e-05,8.2367084e-07,1.0127715e-06,1.7273794e-06,4.4806416e-06,3.7723781e-06,9.954434e-06,0.99994449
20170610-122952-0.jpg,1,1,0.0031717577,0.98813163,1.5060522e-05,8.8142003e-06,2.7715844e-05,7.1255894e-05,0.0041073649,0.00053600369,0.0039303941
20170727-130159-1.jpg,4,4,7.029388e-06,1.1337871e-05,4.524071e-05,7.0387069e-06,0.99924133,2.8429166e-06,5.0993929e-06,4.6867422e-06,0.00067539768
20171109-091950-1.jpg,5,5,0.00017697926,7.2227974e-05,5.1019804e-05,1.1179126e-05,3.2342946e-05,0.99939318,7.1705123e-06,5.1456989e-05,0.00020444094
20180125-092820-1.jpg,8,8,3.5428825e-07,2.2121713e-05,3.667266e-07,5.0697158e-07,2.0610452e-06,4.4643414e-06,5.4983112e-06,8.1766973e-06,0.99995645
20171113-124455-1.jpg,6,6,8.2725352e-06,0.00019954324,5.8303277e-06,5.0588745e-06,1.1774172e-05,3.1352591e-06,0.99972852,2.4442529e-05,1.342368e-05
20171220-100431-1.jpg,8,8,4.21991e-06,1.0023755e-05,9.0011059e-07,4.4972592e-06,1.9847058e-06,9.003323e-05,5.2807479e-06,1.227656e-05,0.99987078
20170127-102841-0.jpg,1,1,2.3281196e-05,0.99958053,1.592689e-05,1.6759784e-06,1.3986864e-05,1.9611949e-06,1.5680756e-05,0.00026723836,7.9718499e-05
20170610-124114-0.jpg,1,1,8.2151362e-05,0.99661643,2.8538962e-05,3.1244279e-06,3.9594949e-05,8.2863256e-06,0.00022295437,0.00057244053,0.0024264769
20171109-093143-1.jpg,5,5,7.8317806e-05,2.1653798e-05,3.7838782e-05,1.0392224e-05,1.964675e-05,0.99968562,2.7652902e-05,3.4406557e-05,8.4469384e-05
20180322-114302-2.jpg,8,8,5.8047866e-07,2.6890131e-05,5.6831146e-07,1.0884897e-06,2.5368288e-06,2.7866643e-06,2.9946158e-06,5.3611881e-06,0.99995719
20180322-133223-1.jpg,8,8,5.4716023e-06,3.7550964e-05,3.5719012e-06,4.4680621e-06,1.0083293e-05,7.3222221e-06,3.4081274e-06,2.3262652e-05,0.99990486
20180322-130108-1.jpg,8,8,3.1576876e-05,0.00021804992,1.1337076e-05,4.8312377e-06,3.0896545e-05,9.1887582e-06,1.3941892e-06,3.8909763e-05,0.99965382
20171220-095328-2.jpg,8,8,6.2404561e-06,1.5695257e-05,5.2153769e-07,2.9465405e-06,1.2715074e-06,1.382064e-05,2.7630023e-06,3.5441378e-06,0.9999532
20161207-111342-0.jpg,0,0,0.9997994,4.5819201e-05,1.036376e-05,9.3003229e-07,2.2146535e-06,8.0995027e-06,2.080198e-06,0.00012525581,5.832641e-06
20170913-103228-1.jpg,3,3,1.5894608e-05,1.1674374e-05,6.9020181e-07,0.99991178,5.4862025e-06,3.899596e-05,1.660313e-06,3.5848361e-07,1.3455579e-05
20171203-170407-3.jpg,8,8,0.00035660735,0.0030995129,7.1483576e-05,9.794646e-06,1.7076677e-05,1.8459126e-05,0.00067761497,0.00092516417,0.99482429
20170906-111904-4.jpg,3,3,0.005432081,0.00021991523,0.00052183028,0.99103947,0.00051115127,0.000552539,3.327037e-05,0.00042762567,0.0012621203
20180105-101926-2.jpg,8,8,1.0971556e-05,1.4208612e-05,1.3604827e-05,1.380769e-05,2.9245087e-05,8.5525615e-06,0.00091925589,0.00028240857,0.99870795
20180125-091420-2.jpg,8,8,1.4029609e-06,0.00011248227,2.2088534e-06,5.6862872e-07,4.5841132e-06,1.8431588e-05,1.7767087e-05,3.3232777e-05,0.99980932
20171220-091651-3.jpg,8,8,0.00019090001,0.00021350788,1.320307e-05,2.515832e-06,4.4586132e-06,0.00013519664,3.6511897e-06,0.00011173179,0.99932483
20180105-100947-2.jpg,8,8,0.00016438978,8.5585226e-05,0.00037474136,6.7138461e-05,0.00022792802,8.1257908e-05,0.020795259,0.0026330802,0.97557062
20170714-111357-2.jpg,1,1,1.3259543e-05,0.99982341,3.0506289e-06,1.5369563e-06,9.1635645e-06,1.4190134e-06,2.7369283e-05,7.4671482e-05,4.6124456e-05
20171219-111807-3.jpg,8,8,8.9843764e-05,6.766099e-05,3.7969599e-05,0.0042536901,0.00014366546,2.7622059e-06,1.7279481e-05,4.7102988e-05,0.99534003
20171220-091902-3.jpg,8,8,6.0991916e-05,4.4617906e-05,2.2975517e-06,6.1820326e-06,3.3850774e-06,0.00094665149,1.0186851e-05,3.4229266e-05,0.99889146
20170729-092444-2.jpg,4,4,1.9659326e-05,1.0310936e-05,2.583053e-05,1.2747695e-05,0.9988565,1.0730561e-06,3.4534544e-06,6.9033275e-06,0.0010635173
20161207-111555-0.jpg,0,0,0.99984307,2.2376147e-05,5.2628512e-06,8.1209472e-07,2.5357115e-06,2.6099895e-05,2.7119339e-06,7.5689987e-05,2.1440082e-05
20180112-094807-2.jpg,8,8,4.9069889e-05,8.0299177e-05,2.9825538e-05,5.161676e-06,1.1354108e-05,4.7949054e-05,3.6208742e-05,0.00037799113,0.99936214
20170304-131806-0.jpg,7,7,0.0026113631,3.7521887e-05,1.4156357e-05,9.7473056e-06,2.4136381e-06,1.3362666e-05,4.6369281e-05,0.99694459,0.00032047352
20180125-095338-1.jpg,8,8,1.5045116e-06,1.2221103e-05,7.4021436e-07,3.4630634e-05,7.9152707e-06,1.5989064e-06,2.0659684e-05,7.1038515e-06,0.99991363
20170727-114409-3.jpg,4,4,4.8559476e-06,3.2215151e-05,4.0624982e-05,9.5045165e-06,0.99883299,2.0857804e-05,6.4225866e-06,2.2310431e-06,0.0010502996
20171113-105049-0.jpg,6,6,3.4735643e-05,6.1435303e-05,3.7262622e-06,1.2741183e-05,7.1567133e-06,4.885149e-06,0.99973001,0.00014139687,3.9103181e-06
20171218-104233-3.jpg,8,8,3.931302e-05,2.8419747e-05,1.5923823e-05,2.1206327e-06,6.6037077e-05,0.00012833189,2.2777722e-05,5.6717237e-05,0.99964036
20170217-122047-0.jpg,0,0,0.99974057,1.1764017e-06,2.5074799e-05,1.4486931e-06,8.260558e-07,2.0024731e-05,1.2322003e-06,0.00014990632,5.9739115e-05
20180109-100454-1.jpg,8,8,0.00022401159,5.3146551e-05,2.2791062e-05,0.00056445726,5.1706507e-05,8.3645845e-05,0.00059063854,0.0032984508,0.99511115
20171113-121817-1.jpg,6,6,0.00029448102,0.22112561,2.9000482e-05,1.8209371e-05,4.0831929e-05,2.9523695e-05,0.77160871,0.00088848641,0.0059651427
20170714-142832-3.jpg,1,1,5.9537197e-05,0.99983349,6.2444783e-06,1.0577838e-06,5.3630698e-06,1.5549506e-06,6.8117995e-06,7.4351113e-05,1.1586179e-05
20180125-091925-1.jpg,8,8,4.3348937e-07,4.6916403e-05,7.8574948e-07,5.845707e-07,3.4016616e-06,1.1628658e-05,7.1325342e-06,1.1659931e-05,0.99991746
20180125-100508-1.jpg,8,8,1.0202465e-06,2.6794189e-05,1.324249e-06,9.6168115e-07,4.3861367e-06,6.3086567e-06,4.73186e-05,4.131433e-05,0.99987057
20180112-081003-1.jpg,8,8,1.4481412e-05,4.0237433e-05,9.8795284e-06,3.1085229e-05,1.2980658e-05,1.3237339e-05,4.4169433e-05,0.00063376692,0.99920016
20171218-110851-2.jpg,8,8,0.063348675,0.00018695351,0.027564513,0.0025068588,0.00020300022,0.0068933875,5.5636077e-05,0.020021707,0.87921927
20171219-093120-3.jpg,8,8,2.3917213e-05,0.00073163477,1.1246553e-06,2.542585e-06,1.8795834e-06,4.0734895e-05,1.5874606e-05,6.8618377e-06,0.99917543
20170811-131557-2.jpg,0,0,0.99982721,2.0528416e-06,8.6474745e-06,6.6916875e-07,4.901699e-07,1.6828873e-05,4.4378623e-07,0.00012985806,1.3803796e-05
20170727-152827-1.jpg,4,4,2.2869015e-05,1.2760839e-05,3.8213546e-05,3.1114701e-05,0.99556324,1.4073724e-05,2.0449967e-05,2.7878607e-05,0.0042693964
20180109-070024-1.jpg,8,8,1.6516322e-05,4.3924967e-05,0.00020192014,1.9759294e-05,5.3736195e-05,3.4425007e-05,0.0026166738,0.00033375928,0.99667929
20170610-122454-0.jpg,1,1,4.0420389e-05,0.99975536,2.754967e-06,2.110675e-06,1.1403937e-05,1.2793182e-05,9.1272825e-06,2.8087541e-05,0.00013794422
20180109-070613-1.jpg,8,8,5.3417785e-06,3.1384141e-05,3.3842747e-05,4.4576595e-05,3.3813769e-05,1.660426e-05,0.0024535288,0.00013485022,0.99724606
20171025-082631-3.jpg,3,3,0.0012436764,5.9754679e-05,5.3816204e-05,0.9940845,0.00027760615,5.9206115e-05,1.0326781e-05,0.00022488801,0.0039862275
20180125-132051-3.jpg,8,8,0.00034582498,0.11353077,9.9375462e-05,3.385331e-05,0.0001042464,3.5226954e-05,0.00038139427,0.010741951,0.87472736
20180322-115146-2.jpg,8,8,4.9842459e-07,2.8687474e-05,2.3572789e-07,7.8730522e-07,2.7191495e-06,7.2383696e-06,3.5313813e-06,5.3828136e-06,0.99995092
20170714-122506-3.jpg,1,1,6.6951479e-05,0.99988461,2.6108497e-06,6.0039792e-07,5.7036543e-06,1.3156615e-06,2.3216118e-06,2.8980725e-05,6.9052686e-06
20171220-094659-1.jpg,8,8,8.7877e-06,4.0610423e-06,1.9464819e-07,4.2645245e-06,1.1143374e-06,5.4164128e-05,7.2545405e-06,7.711883e-06,0.99991245
20171218-114955-3.jpg,8,8,6.0546958e-05,1.2658704e-05,7.3030729e-07,4.5152156e-05,2.0843028e-06,0.0002475127,2.3820489e-05,2.8509861e-05,0.99957898
20180105-104158-1.jpg,8,8,0.00022548356,0.0020411732,5.4393815e-05,0.00010040986,0.00020679687,4.3686282e-05,0.010971948,0.00049626355,0.98585985
20171219-101319-2.jpg,8,8,0.00036525061,0.001775786,4.6602423e-05,6.592372e-05,0.0001298326,6.8553243e-05,8.052302e-06,0.00040928603,0.99713071
20171220-094442-2.jpg,8,8,2.8634076e-05,0.00010992661,1.3911823e-06,3.5719552e-06,2.6120066e-06,0.00069600271,8.2315174e-06,1.5551805e-05,0.99913408
20171220-091302-2.jpg,8,8,1.6679181e-05,2.7218876e-05,4.4575529e-06,2.6299215e-06,3.801451e-06,0.00098908729,3.7353158e-06,4.3514517e-06,0.99894804
20170217-100152-0.jpg,7,7,0.0001154409,1.9558619e-05,1.0087183e-05,7.1134216e-07,5.248563e-07,5.0600161e-06,3.758645e-05,0.99980837,2.6600763e-06
20171121-090820-3.jpg,6,6,9.5630774e-06,0.00012387289,3.385956e-06,4.0780776e-06,5.8563554e-06,2.6858255e-06,0.99975726,4.7434192e-05,4.5867146e-05
20170315-090401-0.jpg,8,8,0.0016874834,0.0011129858,0.00014368286,0.00037431633,0.0002445669,0.00017910923,3.8220338e-05,0.00098065279,0.99523898
20170727-113134-3.jpg,4,4,3.9125886e-05,1.9948521e-05,0.00078833673,1.7338096e-05,0.99482515,6.8165876e-05,2.8160978e-05,2.1189302e-05,0.0041925846
20170728-151823-1.jpg,8,8,0.001103383,0.00099295802,0.00032001707,0.00020695381,0.0044738462,0.00093318375,0.00074819532,0.00067719845,0.99054426
20171203-174638-3.jpg,8,8,3.39055e-05,0.0010600886,1.0344596e-05,5.7136077e-07,1.5248025e-06,1.7362485e-05,2.7618402e-05,5.492942e-05,0.99879365
20170920-120150-2.jpg,2,2,0.0006707073,4.9168787e-05,0.96415632,0.00050944604,0.0023145852,8.3967472e-05,0.00052285838,0.00046210872,0.031230838
20180112-074634-2.jpg,8,8,0.00012225237,4.407775e-05,2.1287963e-05,3.2982794e-05,6.2114827e-06,4.9385048e-05,1.4774196e-05,0.00062189589,0.99908713
20180112-082558-1.jpg,8,8,4.8914476e-05,7.5618942e-05,1.5205937e-05,2.5176848e-05,2.2748511e-05,8.994346e-06,0.00014279521,0.00028006658,0.99938048
20170920-192030-1.jpg,2,2,1.2984567e-06,5.0897971e-06,0.99992035,8.315863e-06,1.7492333e-05,1.9740235e-06,3.6067311e-06,3.0630006e-06,3.8810728e-05
20171109-074110-1.jpg,5,5,0.00059567702,0.00012227859,9.1852943e-05,2.8773797e-05,0.00011201148,0.99334348,0.00010099842,0.00015484458,0.0054500806
20171205-134024-2.jpg,8,8,2.0636711e-05,5.3780889e-05,8.7418802e-07,1.0677281e-05,1.8849777e-06,2.0296112e-05,2.6066956e-06,6.9169781e-06,0.99988233
20171219-112050-3.jpg,8,8,0.00023615136,3.5741089e-05,0.0081712204,0.00017745276,0.0015226363,0.00013705881,0.0051281166,0.00095960272,0.98363202
20170404-154352-0.jpg,7,7,0.0005269811,2.000077e-05,2.3822849e-05,2.910054e-06,2.8250544e-06,8.051376e-06,1.2450519e-05,0.99938631,1.6647e-05
20170217-150733-0.jpg,0,0,0.99960401,1.0084491e-05,1.8180082e-05,8.6572814e-07,4.3865244e-06,1.1464609e-05,3.7371586e-06,0.00020607295,0.00014119898
20171218-112736-3.jpg,8,8,0.00029487068,0.0031416925,4.7986091e-06,0.00011492961,5.9745685e-06,0.00043331802,0.0012459521,0.0016708107,0.99308765
20170728-151210-1.jpg,4,4,1.757486e-05,1.0944205e-05,0.0005236016,2.4364824e-05,0.99714594,1.6573961e-05,2.5212236e-05,6.4205768e-06,0.0022293681
20180112-080716-1.jpg,8,8,0.0001579935,0.0016093411,1.443544e-05,6.4417297e-06,4.8262453e-05,1.4188941e-05,3.1505658e-05,0.00094358134,0.99717425
20171113-133014-3.jpg,6,6,1.3839237e-05,1.4279627e-05,2.530656e-05,3.9150865e-05,1.694202e-05,1.2423967e-05,0.99654148,0.0030261063,0.00031047459
20180125-130816-2.jpg,8,8,2.167853e-05,6.7468793e-05,4.9948729e-06,2.8838205e-06,1.7512032e-05,8.0552807e-06,4.0054202e-06,1.7582486e-05,0.99985582
20180109-095458-2.jpg,8,8,0.00047116365,0.00039678842,0.00065082905,0.015171131,0.0009270086,0.00038309555,0.00084904592,0.01356853,0.96758241
20170706-105125-0.jpg,7,7,0.005567229,0.00054304606,0.00027839993,0.00041887515,0.00017574573,0.0010295515,0.0035458349,0.9823226,0.0061187151
20171113-123332-0.jpg,6,6,6.8063459e-06,4.4078526e-05,5.8156496e-06,4.6325357e-06,3.2395846e-06,2.5315273e-06,0.99973356,0.00019376424,5.5744127e-06
20171218-120648-3.jpg,8,8,1.1004375e-05,0.00021936947,6.1171763e-06,4.3511927e-06,3.4727771e-06,0.00030490315,1.7251208e-05,3.3825331e-05,0.99939971
20171218-113215-3.jpg,8,8,6.6993509e-05,0.00033948185,2.0872414e-05,6.9384387e-05,4.6351162e-05,0.00073107587,0.0001691254,9.0158565e-05,0.99846656
20171212-093440-3.jpg,8,8,1.4148143e-05,1.2421603e-05,4.3876523e-07,1.4502996e-05,3.9722457e-07,4.0207641e-05,2.2344607e-06,4.9357408e-06,0.99991071
20180125-133504-2.jpg,8,8,2.391722e-06,3.048219e-05,1.3798607e-06,1.1777273e-06,1.9045871e-06,2.0838342e-05,8.4143119e-06,1.9884948e-05,0.99991353
20170920-113554-2.jpg,2,2,6.2096861e-07,5.5221209e-07,0.99997193,3.2811562e-06,1.3441939e-05,8.0323073e-07,1.0971002e-06,8.5441092e-07,7.4175808e-06
20180105-092829-2.jpg,8,8,1.4707362e-05,3.0658171e-05,6.6767039e-05,1.7177268e-05,2.5180366e-05,2.3723079e-05,0.0014426033,0.00058463942,0.99779454
20170217-121730-0.jpg,0,0,0.99983761,1.7768888e-05,1.4074312e-05,8.104633e-07,3.6566236e-06,3.9149602e-05,3.3492246e-06,6.9357236e-05,1.4221372e-05
20171212-094009-1.jpg,8,8,1.8652592e-06,6.0255427e-06,4.6461241e-07,7.3859e-07,3.7273917e-07,1.0309298e-05,1.3088065e-06,2.4735164e-06,0.99997644
20170727-125558-3.jpg,4,4,1.6792504e-06,2.5129973e-06,0.00012425248,3.3534223e-06,0.99959024,2.2254494e-06,3.5292759e-06,1.2498581e-06,0.00027096217
20171205-123739-2.jpg,8,8,3.8564643e-05,0.0001355375,3.7979956e-06,4.9132497e-06,4.2681462e-06,0.0017206328,1.8648776e-05,2.0130436e-05,0.99805351
20171102-120557-3.jpg,2,2,1.7224633e-05,2.9117854e-05,0.99978337,9.4828944e-06,6.9049782e-05,6.3417622e-05,4.7906616e-06,5.5060876e-06,1.8035833e-05
20171025-172200-3.jpg,3,3,0.0052918387,0.00065209169,0.00153122,0.97719254,0.0045149212,0.0064201917,0.00015521058,0.00035686596,0.0038851168
20180109-075540-2.jpg,8,8,0.00012535725,0.0002407143,0.00028405708,0.0016846303,0.00079765565,3.9341899e-05,0.0017015189,0.0002465359,0.99488019
20180109-074212-2.jpg,8,8,1.72408e-05,0.00054391203,2.5516145e-05,3.7167699e-05,3.0568933e-05,5.2794461e-05,0.00034632839,0.00018953171,0.99875694
20170920-162654-3.jpg,2,2,1.0211129e-05,5.730093e-06,0.99857933,4.8812008e-05,0.00012016365,3.1609841e-06,1.113306e-05,5.0393058e-05,0.001171069
20170711-121008-0.jpg,0,0,0.99889692,0.00069517543,6.191963e-05,3.1528048e-06,1.2830215e-05,8.7561797e-05,2.9309369e-06,0.00015279372,8.6719001e-05
20180322-104201-1.jpg,8,8,2.6161638e-05,2.8500176e-05,2.0807522e-06,1.133713e-05,1.6273108e-05,6.6018651e-06,2.0279578e-06,9.4255615e-05,0.99981276
20180322-114240-2.jpg,8,8,1.920437e-06,3.9034737e-05,8.0550228e-07,3.5190777e-06,9.0819728e-06,1.0586264e-05,1.5547093e-05,2.4533709e-05,0.99989497
20171212-104533-3.jpg,8,8,2.4447819e-05,0.000270052,2.4891328e-06,7.9114447e-06,2.6073977e-06,6.0796265e-05,2.71432e-05,4.2985036e-05,0.99956157
20170217-102049-0.jpg,0,0,0.97144498,2.0135456e-05,0.00014716462,2.1110523e-05,1.4928794e-05,0.0029112889,5.5327135e-05,0.024828772,0.00055628987
20170920-162842-3.jpg,2,2,1.0799733e-06,2.9583632e-06,0.99981613,5.9537811e-06,7.8199599e-05,6.4120434e-06,2.612553e-06,1.6062217e-06,8.5043809e-05
20171025-082205-2.jpg,3,3,0.0013282325,3.352384e-05,6.6878052e-05,0.99588746,6.4520789e-05,0.00040143156,7.9791103e-06,0.000322533,0.0018874365
20170714-142904-3.jpg,1,1,2.6246439e-05,0.99989052,4.9660126e-06,1.7800271e-06,9.5352802e-06,1.9931111e-06,4.5991974e-06,3.5911232e-05,2.4452355e-05
20170714-141919-3.jpg,1,1,9.5962353e-06,0.99997889,7.058643e-07,3.6394766e-07,3.9979764e-06,3.9955269e-07,1.5064172e-06,3.0795523e-06,1.4643654e-06
20180105-095450-2.jpg,8,8,2.8373749e-05,2.0805119e-05,3.3143891e-05,7.6220258e-06,3.5827798e-05,3.0233929e-05,0.0011278392,0.00044962959,0.99826652
20180105-092934-2.jpg,8,8,9.9407523e-06,1.1127201e-05,1.018412e-05,8.928354e-06,3.0306523e-05,6.3735421e-06,0.00068909452,9.9961037e-05,0.99913408
20180322-104221-1.jpg,8,8,2.28887e-05,7.8967777e-05,3.1712113e-06,1.291641e-05,5.4130882e-06,1.0514221e-05,2.2052752e-06,0.00023027607,0.99963365
20171218-111752-2.jpg,8,8,0.0012656397,3.3645305e-05,0.00011649663,0.00028647362,1.3833231e-05,6.3022656e-05,3.5300689e-05,0.00084795366,0.99733763
20180109-071108-2.jpg,8,8,0.000101153,0.00015168929,3.0300019e-05,9.021335e-05,0.00017498777,3.534024e-05,0.0010248014,0.00018927054,0.99820224
20171121-181157-2.jpg,6,6,3.3705325e-05,0.0001086266,4.0465194e-06,7.3452829e-06,4.7316505e-06,3.8255889e-06,0.999306,0.0005209752,1.0739543e-05
20171220-094713-2.jpg,8,8,1.3267524e-05,2.492168e-05,1.3631355e-06,8.1713434e-07,1.0557413e-06,0.00031516623,3.2061783e-06,5.7429087e-06,0.99963446
20170920-114137-3.jpg,2,2,2.2731179e-06,1.4707608e-06,0.99992789,1.467322e-05,2.1755217e-05,2.5674909e-06,2.8890058e-06,2.7560038e-06,2.3729613e-05
20180109-074929-2.jpg,8,8,7.6281432e-05,0.00023648727,0.00056848127,0.00049236709,0.000831738,3.2449225e-05,0.00085019251,0.00025196028,0.99666004
20171121-073022-1.jpg,6,6,8.1176822e-05,0.0023613721,2.746627e-05,3.1435692e-05,2.3056035e-05,3.2909988e-05,0.9886158,0.0083160194,0.00051076659
20180322-103111-1.jpg,8,8,6.2329901e-06,4.726512e-05,7.1561574e-05,1.6730886e-05,0.00022905038,4.9224739e-05,7.1931095e-06,2.7298948e-05,0.99954544
20171220-084555-3.jpg,8,8,5.5504813e-06,1.0939586e-05,1.2713167e-06,4.6146982e-06,6.7325956e-06,0.00015237373,3.7774623e-06,8.1126811e-06,0.99980663
20170127-102151-0.jpg,1,1,2.492525e-05,0.99940333,2.3976645e-06,1.2343314e-06,2.3027243e-06,4.3515236e-06,1.955567e-05,6.9003428e-05,0.00047289708
20171113-133148-3.jpg,6,6,2.8693694e-05,6.4681341e-05,2.925298e-05,1.8163903e-05,2.191799e-05,4.5136104e-05,0.99266454,0.0064643708,0.00066324208
20170728-150307-1.jpg,8,8,0.008622166,0.00023216077,0.0013313512,0.0026521286,0.010209499,0.00019695612,0.00041932935,0.0041298953,0.97220651
20170714-142008-2.jpg,1,1,9.1732752e-06,0.99958668,3.4460683e-07,2.8367678e-06,8.9680929e-06,5.690046e-07,9.8314784e-07,3.7575515e-05,0.00035286833
20170920-162413-3.jpg,2,2,9.0126941e-07,1.0101529e-06,0.99990796,7.3842233e-06,2.4428621e-05,6.702059e-07,3.7782901e-06,7.1049496e-07,5.3152242e-05
20171219-094732-2.jpg,8,8,1.7984835e-06,9.3605408e-05,3.2775342e-07,9.6423846e-07,4.5487686e-07,1.8672378e-05,3.6733905e-06,1.2663754e-06,0.99987924
20180112-092057-1.jpg,8,8,2.1403607e-05,3.6213262e-05,1.3724901e-05,3.8725263e-05,1.4809726e-05,9.692355e-06,0.00012772485,0.00057955581,0.99915815
20170217-100309-0.jpg,7,7,0.00017695555,7.4633074e-06,2.0482792e-05,2.5049888e-06,1.218303e-06,4.7191501e-05,7.5550418e-05,0.99966444,4.1912072e-06
20180125-100234-2.jpg,8,8,0.0092930621,5.8852149e-05,2.1581994e-05,6.4376266e-06,3.3132671e-06,0.00012667425,2.7574948e-05,0.00048284492,0.98997966
20171109-071703-1.jpg,5,5,0.0013795104,0.00051868689,0.00015491769,3.7730915e-05,0.00014268936,0.99687186,0.00027603711,0.00024871208,0.00036985304
20180112-073844-1.jpg,8,8,1.1146148e-05,4.8161775e-05,2.7735368e-06,4.3511865e-06,1.2694942e-05,9.0860066e-06,5.5382776e-05,0.00012785668,0.99972855
20170404-153707-0.jpg,7,7,0.00047346366,0.00046883234,6.3904361e-05,1.1579052e-05,7.807487e-06,1.3040205e-05,3.699675e-05,0.99868364,0.00024073901
20171205-123635-2.jpg,8,8,0.0001042915,0.0002223056,1.8071078e-06,6.5681598e-06,2.0989374e-06,0.00017294981,1.6604436e-05,7.4163695e-05,0.99939921
20170727-125612-3.jpg,4,4,7.7511133e-06,4.3955456e-06,0.00022403433,9.3944461e-06,0.9989316,5.4500364e-06,1.0906474e-05,1.9370827e-06,0.00080453526
20171218-122318-3.jpg,8,8,0.00010647883,0.00024165874,1.150615e-05,0.00016098414,2.6823594e-06,8.70754e-05,0.00020781071,3.650774e-05,0.9991453
20171025-074453-2.jpg,3,3,0.00019833462,0.00030088152,8.5451149e-06,0.93943666,4.9474077e-05,3.5275262e-05,0.00065434004,0.00019321648,0.059123269
20180322-130936-1.jpg,8,8,1.5316466e-05,1.3930506e-05,0.00015610698,4.1584994e-06,5.8459111e-05,1.5170628e-05,4.2947195e-06,6.1257673e-05,0.99967131
20180322-103032-2.jpg,8,8,7.5590283e-06,6.859366e-05,4.1139726e-06,1.163984e-05,3.7524039e-05,8.0184814e-06,1.6619817e-05,5.8246866e-05,0.99978768
20170906-115312-1.jpg,3,3,0.010405869,0.00059233152,0.00038157613,0.97310616,0.010484447,0.00039062926,7.9898318e-05,0.00059172322,0.0039673632
20180112-104200-2.jpg,8,8,0.00024647105,0.00020662406,0.0016150077,0.00011546917,8.4073598e-05,0.00025262842,3.1060284e-05,0.001243558,0.99620511
20171025-074750-2.jpg,3,3,0.00026440915,3.0615324e-05,4.0767637e-06,0.99930812,1.7258895e-05,8.0755868e-05,4.6319688e-06,8.4160665e-05,0.0002059671
20171109-074838-3.jpg,5,5,9.8458304e-05,1.3159472e-05,2.7407649e-05,6.0283209e-06,1.7791389e-05,0.99975512,2.5335734e-05,2.9844214e-05,2.6854392e-05
20170913-105658-2.jpg,3,3,0.00052030437,0.00029888025,0.0001337191,0.97987702,0.00041390644,0.018241995,0.00010537272,5.3413763e-05,0.0003553869
20171219-095838-3.jpg,8,8,1.9905888e-05,6.4926481e-05,5.922747e-07,4.8297386e-06,1.4151552e-06,5.4525761e-05,2.4761803e-06,1.8446179e-05,0.99983288
20180109-103216-1.jpg,8,8,2.4884244e-05,2.901709e-05,2.3321577e-05,3.4231466e-06,3.1227764e-05,7.6259494e-06,2.8495032e-05,0.00012212566,0.99972988
20171113-094355-3.jpg,5,5,0.00025986482,9.3712377e-05,7.9983518e-05,6.1483662e-05,6.0452921e-05,0.99769154,0.00012129121,8.7434212e-05,0.0015442371
20180125-091359-1.jpg,8,8,1.5310909e-06,7.6285883e-05,1.5826933e-06,1.5681235e-06,5.2979137e-06,7.7577791e-06,2.1956362e-05,7.3081698e-05,0.99981094
20171113-095713-1.jpg,5,5,0.0035650369,0.00028734881,0.00039633755,0.00049041895,0.00040254366,0.97192982,0.00021563794,0.0039109805,0.018801874
20170906-113951-1.jpg,3,3,4.5309568e-05,8.1423966e-07,1.7651956e-07,0.99991461,1.1255137e-06,2.6798741e-06,6.1990233e-07,8.1101409e-06,2.6553943e-05
20170707-115123-0.jpg,0,0,0.97867758,0.0015612546,0.00016052224,0.0028715842,4.6375234e-05,0.00022292895,1.6365851e-05,0.015078337,0.0013650508
20170714-141314-3.jpg,1,1,0.00068564675,0.99877741,1.7274964e-06,6.8515724e-06,0.00012525468,1.4939674e-05,7.3702587e-05,0.00011199502,0.00020247576
20170610-120826-0.jpg,1,8,0.0038059694,0.34688812,1.7940425e-05,0.022556383,0.00011059244,6.5499753e-05,0.00010704882,0.003465195,0.62298325
20180105-092156-3.jpg,8,8,7.513333e-06,3.7192404e-05,3.1577458e-06,4.8943869e-05,2.6889274e-05,1.5933467e-05,0.0018388834,8.6957479e-05,0.99793453
20180109-090217-1.jpg,8,8,7.9067742e-05,6.5482569e-05,2.6598506e-05,0.00032692949,3.5517626e-05,3.3366505e-05,0.00011570924,0.002092391,0.99722494
20171025-090551-2.jpg,3,3,0.0028637547,7.7813013e-05,0.00020378038,0.99351721,0.00071371744,0.00024442518,1.6719234e-05,0.00023268306,0.0021298956
20170920-112247-2.jpg,2,2,5.9021026e-06,2.2190959e-06,0.99970363,1.2339073e-05,0.00015588373,2.4364497e-06,5.595268e-06,1.1519752e-05,0.00010047528
20171219-113245-2.jpg,8,8,0.00062793003,0.0080076692,0.00070192633,0.0024677249,0.00098676058,0.0011557516,0.0015481347,0.001138136,0.98336597
20180112-070555-2.jpg,8,8,0.00015460723,0.00029022446,1.5801249e-05,9.2643219e-05,3.3921396e-05,3.0393252e-05,5.791461e-05,0.00024678025,0.99907771
20180109-075616-2.jpg,8,8,0.00054846023,0.00049214372,0.00010508437,0.0068147786,0.00045350731,5.3957303e-05,0.0003146537,0.00071575128,0.99050166
20171218-121243-3.jpg,8,8,0.00019127254,0.0008251816,3.2620562e-06,8.6939362e-06,5.0528912e-06,0.0046199417,9.6717416e-05,3.4436612e-05,0.99421544
20171109-090609-3.jpg,5,5,0.00012004722,4.4834649e-05,4.6701661e-05,8.3941471e-06,2.3432853e-05,0.99963075,6.5895341e-05,1.8585788e-05,4.1354413e-05
20170715-101619-1.jpg,1,1,9.5044652e-06,0.99991733,1.2062832e-06,6.4729059e-07,6.1835436e-06,1.2593699e-06,3.7821739e-05,6.3083753e-06,1.9740596e-05
20171025-092413-1.jpg,3,3,0.00059187473,3.8377758e-05,3.9556255e-05,0.99786782,9.5152208e-05,0.00052677695,1.6169329e-05,9.7419462e-05,0.00072685104
20180322-114315-2.jpg,8,8,6.4084252e-07,7.9037873e-05,3.4893929e-07,6.7891338e-07,1.4760614e-06,3.2311493e-06,2.2889472e-06,4.7177977e-06,0.99990758
20170315-085729-0.jpg,8,8,0.00012279401,0.00061031901,0.00020643294,0.00031785553,0.0005802698,0.00031665395,0.00011348988,0.00049923087,0.99723295
20180112-081645-2.jpg,8,8,0.00020314006,9.55905e-05,3.5003526e-05,0.00048094457,2.5200048e-05,5.1616146e-05,4.981559e-05,0.0011334349,0.99792525
20180109-104207-2.jpg,8,8,0.00044251511,0.0002374103,0.00073104912,0.00049711649,0.00041370726,3.9809461e-05,3.6026731e-05,0.0020223609,0.99558
20170727-125736-1.jpg,4,4,1.4097808e-05,1.1633678e-05,0.00010754843,3.5303838e-06,0.99699414,3.0391172e-06,1.1204849e-05,1.3622247e-05,0.0028411793
20171121-082317-1.jpg,6,6,3.8412504e-05,0.00017572803,2.5423793e-05,1.375993e-05,1.0815718e-05,2.0965562e-05,0.99697476,0.0013805123,0.0013596219
20180109-070411-2.jpg,8,8,0.00021426488,0.00047591625,0.00021404328,0.00059306721,0.0017177652,0.00010482337,0.0014127682,0.00047496173,0.99479239
20171220-082553-2.jpg,8,8,3.416856e-06,5.9583573e-05,2.3686943e-06,3.45622e-06,3.1303884e-06,0.00015155929,5.7111432e-06,1.0575449e-05,0.9997602
20171102-122100-1.jpg,2,2,1.7462292e-06,1.041925e-06,0.99988565,1.4347587e-06,2.4373355e-05,1.3807674e-06,3.5538458e-07,1.0646539e-06,8.2953597e-05
20171218-121357-3.jpg,8,8,0.00018581189,0.0015288637,1.9097087e-05,1.5202918e-05,9.8347819e-06,0.012532363,9.78938e-05,9.3462166e-05,0.98551747
20180125-100709-2.jpg,8,8,0.00037081066,0.00016011181,9.8824598e-06,0.00028825305,7.762771e-05,0.00017181754,0.00031246739,0.00010001808,0.99850901
20171220-092316-2.jpg,8,8,0.0017387164,0.00014501383,2.9000573e-05,2.4440281e-05,1.627089e-05,0.0037663639,0.00014912733,0.00045534675,0.99367572
20180112-100547-2.jpg,8,8,0.00019314769,9.7742171e-05,3.9397071e-05,1.4614014e-05,9.5725703e-05,0.00011412614,5.1699012e-05,0.00038682289,0.99900673
20171113-132641-3.jpg,6,6,1.4481448e-05,6.3040935e-05,6.8775152e-06,6.6844724e-06,7.900398e-06,3.6189352e-06,0.99967033,0.00021558234,1.1487065e-05
20171212-094641-1.jpg,8,8,0.00045460066,0.0011409834,1.015169e-05,0.0018205779,6.8284783e-05,0.00030912865,2.8347607e-05,0.0050606221,0.9911073
20180112-070140-2.jpg,8,8,0.001579929,0.00055805584,0.00015345403,0.00012794894,0.00011326033,0.00010170667,0.00017479361,0.0033555688,0.99383528
20180109-075558-2.jpg,8,8,4.0468176e-05,0.00014022125,0.00013230935,9.4764759e-05,7.8660994e-05,0.0001163058,0.016887581,0.0011548272,0.98135486
20180322-104043-1.jpg,8,8,2.0545644e-05,3.5896651e-05,1.8021087e-06,7.9101492e-05,1.9869504e-05,6.6970304e-06,1.2338243e-06,2.6229553e-05,0.99980862
20171113-120204-2.jpg,6,6,2.0717915e-05,6.5023217e-05,2.5028628e-05,1.4957788e-05,1.329877e-05,7.8637526e-06,0.99893017,0.0007626574,0.00016027854
20170913-103852-2.jpg,3,3,3.5449218e-05,1.9600302e-05,4.6755751e-06,0.99932739,1.5198587e-05,0.00058164978,3.16002e-06,2.732087e-06,1.0141878e-05
20171219-112643-2.jpg,8,8,0.00014360054,4.382099e-05,1.1991301e-05,0.00043176375,2.7407761e-06,9.8797353e-06,0.00011768749,0.0001398757,0.99909864
20170920-163000-3.jpg,2,2,2.7408206e-06,7.60482e-06,0.99974828,3.1682631e-05,7.5043447e-05,4.3170416e-05,5.6999904e-06,3.2616846e-06,8.2511561e-05
20180119-110357-1.jpg,8,8,6.8167827e-05,0.0011840722,1.7660442e-06,6.4770001e-06,6.1408798e-06,0.00014745276,0.00011768967,7.9824487e-05,0.99838841
20170714-120717-2.jpg,1,1,3.77465e-05,0.99947505,1.0238518e-06,4.5850583e-06,9.2446321e-06,1.7247486e-06,8.0245609e-06,3.3143979e-05,0.00042945469
20170711-114210-0.jpg,0,0,0.51547115,0.00078212587,0.00091194487,0.0009966686,0.0018673123,0.00030050779,0.00014474474,0.029296943,0.4502286
20170727-164330-1.jpg,4,4,4.0683955e-05,4.2987162e-05,6.7111751e-06,5.014926e-05,0.99780691,1.8443572e-06,6.9597798e-06,4.4084008e-06,0.0020393495
20170727-135629-1.jpg,4,4,1.4126444e-05,1.7525111e-05,2.9911269e-06,9.06972e-06,0.99832144,1.5481979e-06,3.8009198e-06,4.6493658e-06,0.0016248528
20180105-092433-3.jpg,8,8,6.0217355e-06,8.2847239e-06,1.3356282e-05,4.9033123e-06,1.1564069e-05,5.7259901e-06,0.00013647586,5.931581e-05,0.99975435
20171113-150751-3.jpg,6,6,1.9440279e-06,2.7735646e-05,7.0199862e-07,3.3093496e-06,3.0183361e-06,1.4196541e-06,0.99676386,1.7843384e-05,0.0031801702
20171219-102519-2.jpg,8,8,1.5990972e-05,0.00014706823,1.1655972e-05,6.0606177e-05,5.5183631e-06,1.4670828e-06,8.528136e-07,7.9241848e-06,0.99974892
20180322-104109-2.jpg,8,8,4.0537276e-06,1.7209757e-05,8.579927e-07,1.0978652e-06,8.613778e-06,3.9280709e-06,1.7094964e-06,1.4611871e-05,0.99994792
20170704-150722-0.jpg,7,7,0.082843568,0.090057585,0.0012618764,0.0018664971,0.0014548973,0.00042813021,0.0030529473,0.69971841,0.11931609
20170714-175853-1.jpg,1,1,2.1499492e-05,0.99990743,3.8703822e-06,2.1894361e-06,5.7154728e-06,1.8160104e-06,1.7396384e-06,4.6834261e-05,8.9020526e-06
20180109-072729-2.jpg,8,8,7.3246976e-05,0.00010996549,0.00021370719,0.00020009282,0.00027130781,1.5616137e-05,0.00099513785,0.00022206618,0.99789886
20180112-103024-1.jpg,8,8,4.0639458e-05,1.092174e-05,2.8004741e-05,7.2672277e-06,8.5423449e-06,9.0883452e-05,2.0747591e-05,7.3282012e-05,0.99971971
20171121-081945-2.jpg,6,6,0.00013953525,0.0024950947,1.9812636e-05,2.0226276e-05,2.640912e-05,1.393972e-05,0.99610692,0.0008468375,0.00033122547
20171113-131947-2.jpg,6,8,3.4020047e-05,0.00029987516,3.140678e-05,1.1746619e-05,4.6703066e-05,4.2386451e-05,0.31327197,0.00063480924,0.68562708
20171219-114106-2.jpg,8,8,0.00018263992,7.1612298e-05,0.0010879416,6.1464507e-05,0.00016005998,2.256177e-05,0.00067921954,0.00054352497,0.99719098
20171212-102805-3.jpg,8,8,0.00082890841,0.00057897267,4.4937657e-06,3.442374e-05,1.2097724e-05,0.00017905568,3.6997824e-05,0.00033059095,0.99799446
20180109-070109-2.jpg,8,8,1.7855634e-06,1.4369701e-05,1.7984239e-05,2.1496717e-05,3.7274842e-05,1.1775829e-05,0.0011830126,6.3293704e-05,0.99864901
20171109-092448-1.jpg,5,5,0.00013988743,3.6140716e-05,4.6128219e-05,3.1515849e-06,2.3323541e-05,0.99966131,3.9145672e-05,1.9113988e-05,3.1800346e-05
20180109-071431-1.jpg,8,8,1.96714e-05,2.684317e-05,2.4986755e-06,4.2715437e-05,3.470398e-05,6.5372199e-06,0.00088074876,0.00043447384,0.99855181
20170128-102458-0.jpg,8,8,0.00022445454,0.001285821,4.1256968e-06,0.00043650804,2.0118031e-06,7.9760084e-06,1.5883555e-05,0.0007577094,0.99726551
20171220-085302-3.jpg,8,8,6.0450216e-06,3.4539392e-05,9.7390634e-06,2.1613627e-06,1.5079268e-05,3.1909983e-05,5.6508477e-05,1.9095974e-05,0.99982492
20171109-091717-3.jpg,5,5,8.1270993e-05,1.3380107e-05,6.4087341e-05,4.4682992e-06,1.7875044e-05,0.99973848,2.0930557e-05,3.6060648e-05,2.3443084e-05
20180125-134059-2.jpg,8,8,0.0022736113,7.4239057e-05,1.9347673e-05,8.40463e-06,0.00013166798,0.00036840142,5.9849276e-05,0.00010557288,0.99695891
20171219-112008-3.jpg,8,8,0.00019406508,6.2791294e-05,0.00011431678,7.2251188e-05,0.0031457007,0.00011797815,0.00051382884,0.00033018635,0.99544888
20180119-105930-1.jpg,8,8,0.00021878331,0.01164116,1.0396156e-05,6.1922502e-06,0.000115564,0.00010320587,8.1119239e-05,0.00013883757,0.98768474
20180125-091650-2.jpg,8,8,2.7919581e-06,2.2448766e-05,9.9973069e-07,3.5395684e-07,4.1901535e-06,4.1715721e-06,7.1661091e-06,5.4403529e-05,0.99990347
20170610-123642-0.jpg,1,1,1.6010533e-05,0.99799481,3.5988856e-06,1.8107622e-06,7.7485234e-06,5.2685166e-06,2.8531403e-05,1.9758504e-05,0.001922461
20171113-061016-1.jpg,6,6,5.3745457e-06,2.296487e-05,1.4646933e-06,3.4757632e-06,1.2659973e-06,1.5384516e-06,0.99988935,4.8207566e-05,2.6362844e-05
20171220-090310-2.jpg,8,8,0.00013749844,4.3978681e-05,3.3668887e-06,5.6893687e-07,1.7895849e-06,3.3712791e-05,3.9864764e-06,9.3098816e-05,0.999682
20180125-134407-2.jpg,8,8,1.9806673e-05,0.0003624027,2.8511033e-06,1.5342881e-06,6.9327805e-06,2.2908884e-05,6.4011304e-06,0.00011213674,0.99946503
20180109-095028-2.jpg,8,8,1.3474745e-06,1.0604392e-05,1.107111e-05,1.8472267e-06,6.5053261e-05,1.4284833e-06,1.7971731e-06,2.9640885e-06,0.99990389
20171109-070827-1.jpg,5,5,0.00064742199,0.00026764225,0.00012523258,3.5422052e-05,7.5649767e-05,0.99844623,4.4188932e-05,0.00011517804,0.00024303819
20180112-071116-2.jpg,8,8,0.00060032625,0.00042587424,0.00015080941,0.0010692834,0.00087776647,6.3998011e-05,0.00010294081,0.0019403146,0.99476869
20170811-130413-2.jpg,0,0,0.99992035,2.9216233e-06,5.0425309e-06,5.3120184e-07,6.2802225e-06,1.0206657e-05,4.9384365e-07,4.7980124e-05,6.1945424e-06
20170711-114320-0.jpg,0,8,0.1565695,0.0010313058,0.002920828,0.0011434093,0.00064053792,0.00062006243,0.00023489114,0.068502601,0.76833686
20171218-103746-2.jpg,8,8,0.00099967769,0.0027899194,0.00010566258,1.5013673e-05,3.7708966e-05,0.00089504164,0.00060643672,0.0032426784,0.99130786
20170315-085646-0.jpg,8,8,0.0057530358,0.00075294973,0.00013056067,0.00077580249,0.00016177169,0.001783641,5.3747041e-05,0.0027613025,0.98782719
20170906-110255-1.jpg,3,3,0.00049901528,0.00026250095,1.1874568e-05,0.99843978,3.045457e-05,0.0001511771,6.109665e-06,1.8553321e-05,0.00058053904
20170127-103224-0.jpg,1,1,2.5273271e-05,0.99990361,2.3841911e-06,1.7703365e-06,3.945263e-06,7.1109716e-06,4.66825e-06,2.8070638e-05,2.3163518e-05
20180105-101003-3.jpg,8,8,1.7869816e-05,1.1629377e-05,2.3981994e-05,9.7045182e-06,2.0641914e-05,1.6373902e-05,0.0011447712,0.00023475298,0.99852027
20171113-123718-3.jpg,6,6,9.7829511e-06,0.00014458114,1.2856351e-06,2.1466509e-06,1.5821012e-06,3.9675449e-06,0.99963164,0.0001713291,3.3687132e-05
20170210-133518-0.jpg,0,0,0.99707436,1.9222675e-05,0.00029968144,6.9713534e-05,0.00010104012,0.0012755389,2.0755198e-05,0.000415372,0.00072432048
20180112-093449-1.jpg,8,8,0.00012086501,0.00011810318,4.47256e-05,1.4751595e-05,2.5521274e-05,8.8471914e-05,9.0539871e-05,0.00069995489,0.99879707
20170920-180729-1.jpg,2,2,8.6203214e-06,6.2028457e-05,0.99921131,2.5844432e-05,0.00052273273,4.678945e-05,1.4332033e-05,7.1431313e-06,0.00010120307
20170906-115342-1.jpg,3,3,0.031627084,0.0011014731,0.022984824,0.91617469,0.0079009837,0.00022757089,0.00010481703,0.0026606612,0.017217899
20180105-104452-1.jpg,8,8,5.8224129e-05,9.1416443e-05,6.036611e-05,0.00014423995,0.00023057383,2.2424019e-05,0.00092881141,0.0001728264,0.99829112
20180109-072650-2.jpg,8,8,0.00012617431,0.004594657,7.8800935e-05,0.00048313334,0.00066020965,1.7303308e-05,0.0012565242,0.00033872615,0.99244447
20171102-121407-1.jpg,2,2,2.2697567e-06,3.0286412e-06,0.99985743,4.8448686e-07,8.7108649e-05,5.3048575e-06,2.6952628e-06,1.9818862e-06,3.9697013e-05
20180109-071922-1.jpg,8,8,0.00018541377,2.9401915e-05,7.3671878e-06,7.4413438e-07,6.0384447e-05,2.0377665e-05,0.00021540259,0.00013689188,0.99934402
20170315-085332-0.jpg,8,8,0.00064304822,0.023449306,3.3874144e-05,0.0035865984,0.00032876557,0.0001926143,0.002945015,0.0011024992,0.96771828
20171113-091651-1.jpg,5,5,0.0048750197,8.7694682e-05,0.00040662376,5.5770223e-05,0.00019902695,0.99335289,5.9984181e-05,0.00088368148,7.9310408e-05
20171203-164511-3.jpg,8,8,1.4144433e-06,7.7952136e-05,2.6839061e-07,1.0504833e-06,1.7217722e-06,4.385372e-06,3.7668578e-06,1.1367807e-05,0.99989807
20170718-095237-2.jpg,0,0,0.9872198,0.0007557149,0.0010546631,0.0057469702,4.060137e-05,0.0025814232,0.00020954536,0.00099432202,0.0013969615
20170217-120132-0.jpg,0,0,0.99887242,7.6010735e-06,1.7166676e-05,2.429269e-06,7.4983486e-07,7.4454027e-05,9.1432005e-07,0.001004131,2.0132598e-05
20180109-074514-2.jpg,8,8,6.0862112e-06,1.7804717e-05,4.3822636e-06,6.2099402e-05,9.7395996e-06,1.7800113e-05,2.4409506e-05,6.3308805e-06,0.99985135
20180105-093421-3.jpg,8,8,3.2092253e-05,0.00022127487,6.4856505e-05,1.9145227e-05,0.00012957611,3.5182526e-06,0.00027180915,0.00011028101,0.99914745
20180322-103056-1.jpg,8,8,6.3093816e-06,2.2045438e-05,2.5386182e-05,2.4757205e-05,0.00044393414,1.2166581e-05,5.5976314e-06,1.9633987e-05,0.99944017
20171203-172950-3.jpg,8,8,1.8596759e-05,0.00018164114,5.2760262e-06,1.9257764e-05,2.0091613e-05,4.0263036e-05,3.2564235e-05,2.7880931e-05,0.99965443
20171109-085643-2.jpg,5,5,0.00010402876,4.3022274e-05,2.0129478e-05,8.7655354e-06,1.3751361e-05,0.99827192,3.249047e-05,2.1051111e-05,0.0014848389
20180109-073104-2.jpg,8,8,0.0004087917,0.00017442574,1.1595769e-05,6.1135787e-06,2.7462436e-05,3.2941043e-05,0.0027645141,0.0013032266,0.99527093
20180119-104527-2.jpg,8,8,2.1777489e-05,0.00049153482,3.041439e-06,2.1621606e-05,3.9799968e-06,7.8373564e-06,3.8019299e-06,8.263119e-05,0.99936377
20171218-105943-3.jpg,8,8,7.7277302e-05,0.0041435557,1.8761334e-05,2.8163085e-06,3.9427716e-06,0.00017493161,0.0038954198,0.00090199575,0.9907813
20171218-104434-3.jpg,8,8,9.0309593e-06,0.00021931956,6.9519419e-06,2.2528086e-06,4.5535692e-06,0.00017391381,3.2278652e-05,2.2230982e-05,0.99952947
20180109-080120-1.jpg,8,8,9.8433725e-06,1.1504954e-05,1.3851997e-05,5.6096316e-06,1.6264305e-05,1.2587895e-05,0.000534675,0.00018441429,0.99921125
20180125-093647-2.jpg,8,8,4.2691344e-07,5.4290806e-05,4.9100718e-07,3.7127035e-07,1.3819573e-06,8.0567775e-06,3.9679571e-06,5.0577419e-06,0.99992596
20170727-135756-1.jpg,4,4,0.00012717518,9.146588e-05,5.5842754e-06,9.3267203e-06,0.99727399,3.8119404e-06,6.0598197e-06,1.0975117e-05,0.0024716102
20180105-100450-2.jpg,8,8,5.0465701e-05,3.1269373e-05,6.4819552e-05,1.3591859e-05,0.00046210411,1.6144767e-05,0.00082341471,7.4869927e-05,0.99846332
20171113-142841-2.jpg,6,6,5.6197579e-05,0.0011574683,1.4924932e-05,1.0188286e-05,1.9644685e-05,9.0599599e-06,0.99786592,0.0008364434,3.0150592e-05
20180105-101110-3.jpg,8,8,0.0012960325,0.00054024247,0.0035508195,0.00019802971,0.0040404199,0.00011912398,0.0013490347,0.00044167923,0.98846462
20171212-094357-1.jpg,8,8,4.0548698e-06,8.692416e-06,2.9215897e-07,7.8237131e-06,2.3203626e-06,5.6466678e-05,3.8807335e-06,5.6626405e-06,0.99991081
20170718-132324-2.jpg,7,7,0.00034367331,0.00073073526,1.897162e-05,0.00014158517,9.1455845e-06,6.3584188e-06,5.0366346e-06,0.99771395,0.0010305428
20180109-070708-1.jpg,8,8,8.7761823e-06,2.4501645e-05,2.1924173e-05,1.8503739e-05,2.5078139e-05,1.8694373e-05,0.0015025405,0.00019075505,0.99818923
20171212-095218-3.jpg,8,8,6.7180022e-06,3.3011252e-05,2.8969399e-07,1.3542079e-06,3.2344567e-07,2.3476775e-05,3.3345179e-06,1.3317258e-05,0.99991817
20171219-102923-3.jpg,8,8,4.7821527e-05,1.5686831e-05,3.7099618e-06,1.3981794e-05,2.909405e-06,6.9010038e-05,3.6959467e-06,2.0799531e-05,0.99982238
20170728-120233-2.jpg,4,4,4.0258066e-05,8.6240571e-05,0.0019392591,0.00010269117,0.9973393,0.00012706853,1.4789984e-05,2.264911e-05,0.00032774505
20170913-101306-2.jpg,3,3,0.00042672676,0.00017485403,3.6293688e-05,0.99491405,0.00038902719,0.0036539805,1.4369657e-05,8.0408708e-05,0.00031028668
20180109-102657-1.jpg,8,8,1.7584478e-05,7.5743344e-05,1.6768635e-05,6.3286398e-05,7.9088308e-05,2.0308431e-05,3.4431646e-05,0.00043112798,0.99926166
20170920-163212-3.jpg,2,2,1.7097538e-06,2.133114e-06,0.99989697,1.1456995e-05,5.7580965e-05,2.022933e-06,1.867663e-06,5.318972e-06,2.0939814e-05
20170129-103949-0.jpg,8,8,0.16317792,0.11004263,0.00039592672,0.0020272274,0.0017112784,0.002021219,0.00036107837,0.0059656715,0.71429705
20171121-082411-2.jpg,6,6,2.7200674e-05,0.00091530795,4.9099942e-06,4.2027386e-06,5.3913712e-06,9.3232048e-06,0.99741973,0.0016031093,1.0820708e-05
20180125-135545-3.jpg,8,8,0.00024246081,0.00052928401,1.8606457e-05,1.7160302e-05,1.5252974e-05,2.9633783e-05,8.9000764e-05,0.0046657956,0.99439281
20180322-112439-2.jpg,8,8,9.8314259e-07,5.966055e-06,1.659415e-06,1.5007751e-06,3.937304e-06,5.7320488e-05,6.1270451e-06,5.1651579e-06,0.99991734
20170920-101316-2.jpg,2,2,4.3281585e-06,2.1062532e-05,0.99953098,3.7113102e-05,0.0001468675,4.152016e-06,1.3581668e-05,1.70623e-05,0.00022485287
20171113-135243-1.jpg,6,6,0.00026375113,0.0029133605,2.0679763e-05,1.5377277e-05,2.4620934e-05,0.00018952906,0.99592239,0.00060409248,4.6197888e-05
20171113-142940-3.jpg,6,6,3.9486439e-06,2.1700707e-05,1.4685383e-06,3.83794e-06,2.9834325e-06,1.766576e-06,0.99992597,1.5794261e-05,2.2530272e-05
20170714-140404-1.jpg,1,1,0.00014652808,0.99959015,9.1065823e-06,4.9266356e-06,1.155904e-05,3.2724853e-06,9.8952306e-06,0.00019419703,3.036779e-05
20170714-135825-2.jpg,1,1,7.0108667e-05,0.99974039,2.9100809e-06,9.1082683e-07,5.0355293e-06,1.6272943e-06,5.7854805e-06,0.00010535586,6.7874846e-05
20170705-161208-0.jpg,7,7,0.024323018,0.0007177768,0.00052697615,0.13630035,0.00076222778,0.00015153309,0.00029381053,0.7783326,0.058591705
20180322-112015-1.jpg,8,8,0.00049930949,2.2073729e-05,9.334737e-05,0.0070222181,4.1140147e-05,1.4141777e-05,9.3386899e-06,0.00015290807,0.99214552
20171219-113951-3.jpg,8,8,0.00016419695,2.8904236e-05,0.0020889827,0.00015242624,0.00071187088,4.367016e-05,0.0094844661,0.00096015965,0.98636532
20170804-132603-1.jpg,1,1,0.016144018,0.97991041,5.4007601e-05,4.8558837e-05,8.2056012e-05,0.00077342777,0.0011222508,0.00062170879,0.0012435615
20171219-095342-2.jpg,8,8,2.0212082e-05,0.00078038609,5.4472202e-06,2.73107e-06,9.060614e-07,1.1110095e-05,6.9015716e-06,3.1420663e-05,0.99914089
20170920-101904-2.jpg,2,2,1.5762494e-06,5.3043034e-06,0.99987739,3.8208989e-06,7.4117105e-05,4.2460848e-06,4.6951264e-06,1.630114e-06,2.7221575e-05
20170128-103940-0.jpg,8,8,1.8066097e-05,0.00073925017,4.8018717e-06,4.215075e-05,2.2012231e-06,7.2414546e-06,7.2974319e-05,0.00033151834,0.9987818
20171121-091316-1.jpg,6,6,7.2846641e-06,7.4704056e-05,1.5789599e-06,2.9758803e-06,2.2425058e-06,4.3322435e-06,0.99985552,4.3372802e-05,7.9886853e-06
20171212-094139-3.jpg,8,8,4.6711991e-06,2.9093925e-05,2.1298481e-07,1.772751e-06,3.0027328e-07,2.02616e-05,1.661547e-06,3.7143739e-06,0.99993831
20170630-155353-0.jpg,7,7,0.0019449898,0.00029125365,7.0303905e-06,1.5095769e-05,2.6906011e-06,3.2334139e-05,3.1660782e-05,0.99759272,8.2220457e-05
20180109-091508-2.jpg,8,8,0.00026032458,0.00015382253,6.310547e-05,0.0055864437,0.00021954454,0.00029650321,0.00079477887,0.002147476,0.990478
20171102-103736-2.jpg,2,2,3.7318795e-06,9.0141143e-06,0.99991864,4.3212774e-06,2.9772737e-05,9.5079561e-06,2.1560805e-06,5.8127901e-06,1.7047202e-05
20171113-144155-2.jpg,6,6,2.1874032e-05,9.6615237e-05,2.9948923e-06,5.1023845e-06,3.5088124e-06,2.7935141e-06,0.99975662,6.4777371e-05,4.5710509e-05
20171109-085101-2.jpg,5,5,0.00022551693,0.00093643337,4.9718291e-05,0.0010580581,7.0890209e-05,0.97945425,0.00083636516,0.00035120886,0.017017563
20170920-160318-3.jpg,2,2,4.445344e-06,1.8863274e-05,0.99974226,5.3344861e-06,0.00014571959,4.4062255e-05,3.0325864e-06,1.3729662e-06,3.4905122e-05
20170920-183454-1.jpg,2,2,6.5415903e-06,2.244546e-05,0.99866703,6.340736e-05,0.00097449634,5.8687328e-06,9.6645466e-06,1.3547801e-05,0.00023699956
20180125-130437-3.jpg,8,8,5.5969122e-07,4.5601276e-05,7.288797e-07,6.3294873e-07,4.0492936e-06,3.3029713e-06,6.0306805e-06,6.0100533e-06,0.99993308
20170729-092837-2.jpg,4,4,0.00058297173,0.0027688684,0.0087296672,0.0010388045,0.55121982,9.1196613e-05,0.00023966603,0.00069194587,0.43463706
20180119-110148-2.jpg,8,8,3.3439202e-05,0.0013618193,1.817537e-05,2.781084e-06,7.9357913e-06,1.1414803e-05,6.3060993e-05,0.00022182252,0.99827955
20170727-114216-3.jpg,4,8,0.0023056922,0.0014223134,0.00014231717,9.155103e-05,0.26695805,0.00044981293,7.7062356e-05,0.00054749425,0.7280057
20180112-071430-2.jpg,8,8,6.9934864e-05,0.00023298038,0.00011110569,0.00035223538,0.00019219549,1.9338392e-05,5.3440043e-05,0.00038855294,0.99858022
20171121-074902-1.jpg,6,6,5.257687e-06,0.00015549595,9.7936476e-07,8.8723622e-07,2.1140382e-06,2.6511135e-06,0.99980295,2.6805718e-05,2.8563449e-06
20171102-120012-1.jpg,2,2,4.3055132e-06,1.158607e-06,0.99989557,1.4015244e-06,4.7109559e-05,5.5828199e-06,9.0963467e-07,2.2605945e-06,4.1702086e-05
20170728-152734-2.jpg,4,4,0.0063398612,0.001331382,7.0026328e-05,0.00053868086,0.81069095,0.00022790147,0.00011899827,0.00052573006,0.18015647
20171121-072105-1.jpg,6,6,0.00012168612,6.7230026e-05,6.4116824e-06,1.3532608e-05,8.9905541e-06,1.2117741e-05,0.99898855,0.0007553459,2.6130548e-05
20171025-075821-1.jpg,3,3,0.00058750156,8.2327008e-05,4.5661603e-05,0.99682882,0.00041960011,0.00038020359,6.2327237e-05,0.00010377221,0.0014897907
20170920-130713-2.jpg,2,2,7.0508344e-06,6.1830749e-06,0.99848139,0.00025629082,0.00044639345,2.8885923e-06,2.1421214e-05,3.2555593e-05,0.00074582734
20180105-092927-2.jpg,8,8,2.7441741e-05,0.00029216145,0.10072157,5.0722678e-05,0.00090985971,6.7856003e-05,0.0015103509,0.00036701624,0.89605302
20171205-134734-2.jpg,8,8,0.00094494304,0.00056364615,3.0139949e-06,2.6693484e-05,1.3016218e-06,0.00044819279,5.5940075e-05,0.00086107689,0.99709519
20171102-123122-2.jpg,2,2,1.6628067e-06,3.0294379e-06,0.99996696,2.8185466e-06,1.1231654e-05,2.6137792e-06,4.4751449e-07,1.8042867e-06,9.4272606e-06
20170727-171448-1.jpg,4,4,0.00030178544,0.00010479638,0.0010895481,0.00027120522,0.97514933,9.7731173e-06,0.00012215465,0.00066283739,0.022288568
20180109-070327-2.jpg,8,8,7.6542917e-06,2.3941911e-05,2.7497345e-05,2.6036457e-05,3.3151002e-05,1.7308145e-05,0.0014549918,0.00013194679,0.99827747
20170130-102210-0.jpg,1,1,2.3340933e-05,0.99934358,1.0705529e-05,6.2722576e-07,1.1293594e-05,1.0557746e-05,6.2038866e-06,0.00022037153,0.00037332041
20180112-100645-1.jpg,8,8,2.3945816e-05,3.6784928e-05,2.1679608e-05,1.4882898e-05,2.1834497e-05,0.00014719197,0.00036442238,0.00013348407,0.99923577
20171025-092950-2.jpg,3,3,0.0013073021,0.00011081564,0.00034443903,0.99449746,0.00049048849,0.0016394461,4.6470639e-05,0.00013859089,0.0014249827
20170128-103856-0.jpg,8,8,0.00019916547,0.00039683664,1.668926e-05,4.0443206e-05,2.3341882e-05,4.1248084e-05,4.3073441e-06,0.00036029717,0.99891767
20180112-092725-2.jpg,8,8,0.00033290718,0.00012292585,0.00015470311,3.5132172e-05,8.3708878e-05,0.00019791585,6.5976838e-05,0.00055827369,0.99844846
20180112-073337-2.jpg,8,8,3.2921165e-05,0.00016967906,0.00087287907,0.00017998455,0.00040345445,4.200731e-05,4.3456096e-05,0.00086948552,0.99738613
20170304-131624-0.jpg,7,7,0.00051103707,0.00017533907,3.2832574e-05,3.4769625e-06,3.9383184e-06,1.6531741e-05,6.9518317e-06,0.99923569,1.4202645e-05
20171113-092152-1.jpg,5,5,0.00056356873,8.5482765e-05,5.2693045e-05,6.148058e-05,8.4300237e-05,0.99833619,3.8365804e-05,0.00017139529,0.00060652749
20180322-133453-1.jpg,8,8,5.1184465e-05,0.00032949045,1.8991087e-05,5.0628001e-05,0.00012436038,7.2855203e-05,1.4734112e-05,0.00011517973,0.99922258
20170920-131716-2.jpg,2,2,3.419551e-06,1.252896e-05,0.99986391,1.0524505e-05,5.7613592e-05,1.4798792e-05,3.3918093e-06,3.1375108e-06,3.0673985e-05
20170913-102316-3.jpg,5,5,0.0017252886,7.3650836e-05,0.00076966358,8.7543664e-05,0.0018909896,0.99499311,5.5528511e-05,0.00028327995,0.00012094788
20170217-101954-0.jpg,0,0,0.99978552,1.841263e-06,1.6473584e-05,9.5342161e-07,4.4095716e-06,2.5531032e-05,5.1772372e-06,0.00011395412,4.6136905e-05
20170217-144521-0.jpg,7,7,0.00027210289,4.6522946e-06,1.238459e-05,1.6535444e-06,4.3936228e-07,5.5555566e-06,9.2441587e-06,0.99968692,7.0520681e-06
20170127-102251-0.jpg,1,1,0.00015168396,0.99765327,1.1417416e-05,9.0496979e-06,2.1598518e-05,1.4322888e-05,0.0013010901,0.00056436322,0.00027320104
20180112-081230-2.jpg,8,8,0.00035316796,0.0002150404,0.00022890304,0.00029445754,0.00010635474,2.4708678e-05,3.1888811e-05,0.00086700402,0.99787847
20171219-103033-3.jpg,8,8,2.0317161e-05,1.1761337e-05,4.6509955e-06,2.3928215e-06,3.5554338e-06,5.789995e-05,8.1280663e-06,1.9605885e-05,0.99987169
20180109-074817-2.jpg,8,8,6.5937571e-05,0.00019010958,0.00010868249,0.00011325061,0.00019541031,0.00015656601,0.00098995337,0.00036884832,0.99781124
20171109-091107-1.jpg,5,5,0.00016254534,0.00014855568,9.1043916e-05,2.6702694e-05,5.1839494e-05,0.99885073,0.0002044422,0.00022127846,0.00024286621
20170714-142329-2.jpg,1,1,0.00010064165,0.99950512,1.8339308e-06,2.509852e-06,4.8843062e-06,2.0917486e-06,1.1564468e-05,0.00034243502,2.8923977e-05
20171113-143805-2.jpg,6,6,0.00014171944,6.6751242e-05,1.0294123e-05,1.6047418e-05,1.0748644e-05,4.3700357e-05,0.99506878,0.0046060221,3.5937286e-05
20170920-100839-3.jpg,4,8,0.001221463,0.004731926,1.647526e-05,0.39456116,0.022659083,3.8403234e-05,2.8338535e-05,0.00019817299,0.57654497
20171102-121531-2.jpg,2,2,0.00010689625,2.7574929e-05,0.98936333,0.00027848319,0.0016805888,1.0295197e-05,8.1710311e-06,6.0233811e-05,0.0084644257
20170728-115920-2.jpg,4,4,8.4048823e-05,4.2711499e-05,0.00015650124,2.4219164e-05,0.98990392,3.580958e-05,1.5159123e-05,2.3714044e-05,0.0097139209
20171025-091407-2.jpg,3,3,0.025450308,4.3038334e-05,0.00039253131,0.94442822,0.00039149523,0.00061604957,4.4583317e-05,0.00044204382,0.028191731
20170711-115315-0.jpg,0,0,0.50122809,0.00072230595,4.3857065e-05,0.00041348025,5.6645147e-06,0.0001686932,7.3454026e-05,0.038440591,0.45890386
20171220-084455-2.jpg,8,8,1.0995014e-05,6.8123694e-05,8.078455e-07,4.1427836e-06,8.4551416e-07,9.9125974e-06,1.2566191e-06,5.7342194e-05,0.99984657
20180109-090115-2.jpg,8,8,0.00014595322,0.00027749878,0.00023743512,0.0053992851,0.000206003,0.00043328599,0.00044955044,0.0024960037,0.99035498
20170906-113518-1.jpg,3,3,0.0012169715,7.210201e-06,2.8000272e-06,0.98876454,4.3710081e-06,1.7301715e-05,4.0402457e-06,0.00035976635,0.0096229963
20180112-104311-2.jpg,8,8,0.008058584,7.5548301e-05,0.0014471857,8.8508285e-05,0.0002126958,0.00038986359,5.3086148e-05,0.0013055743,0.98836895
20171220-082111-2.jpg,8,8,0.030704947,0.0011718916,0.0036509232,0.0019921365,0.00068922834,0.00075336125,8.5617317e-05,0.030109584,0.93084231
20180322-133418-1.jpg,8,8,1.6446865e-05,8.7622219e-05,6.5494557e-06,2.4979091e-05,2.8882277e-05,3.9633518e-05,2.3861568e-06,2.7147439e-05,0.99976635
20171102-123304-1.jpg,2,2,2.8026592e-06,1.3409741e-06,0.99994647,2.1834367e-06,3.0816688e-05,4.0191756e-06,5.1651793e-07,1.3876232e-06,1.0459009e-05
20170210-131355-0.jpg,7,7,0.00044391423,5.185633e-06,2.2645721e-05,1.5246677e-06,5.3844413e-07,1.9920032e-05,6.3892427e-06,0.999497,2.879112e-06
20171113-134639-1.jpg,6,6,2.3019978e-06,0.00025201083,1.0095682e-06,1.6594892e-06,1.1095254e-06,1.1962782e-06,0.99964352,6.0772093e-06,9.11154e-05
20171220-083357-3.jpg,8,8,1.8905698e-05,2.8113247e-06,4.9194567e-07,6.5243663e-06,3.7872494e-06,1.8888694e-05,6.3773613e-06,2.6328553e-05,0.99991588
20180119-113341-2.jpg,8,8,2.0372681e-05,0.0015185593,3.3202399e-06,1.456708e-06,4.1709621e-06,3.8896276e-06,1.2902555e-05,2.1612311e-05,0.99841372
20170706-112512-0.jpg,7,7,0.00038486863,9.1035295e-05,9.7716817e-06,0.00010041819,1.0749288e-05,4.7300631e-06,1.8541957e-06,0.99898423,0.00041234323
20171218-122133-3.jpg,8,8,5.3853465e-05,1.2094117e-05,1.7431226e-06,7.5009928e-06,3.8120482e-06,0.00032163362,9.7293578e-05,2.8648006e-05,0.99947342
20170727-171518-1.jpg,4,4,8.4091789e-05,3.4315742e-05,1.587474e-05,0.00011395755,0.99091596,4.530844e-06,2.3696787e-05,0.00012407885,0.0086834949
20171219-123641-2.jpg,8,8,0.026809709,0.0020573317,3.0859291e-05,0.069624224,4.9824036e-05,0.00035435263,0.0013473403,0.0011441215,0.89858224
20170217-101133-0.jpg,0,0,0.99980108,0.00010048086,1.1175521e-05,1.0176866e-06,2.3080365e-06,3.7816878e-06,2.0061427e-06,6.9490542e-05,8.6639998e-06
20180109-103735-2.jpg,8,8,7.1192796e-05,0.00022638385,4.9071262e-05,0.00037344093,0.00010378224,4.3709982e-05,9.8095424e-05,0.00079943778,0.99823489
20171025-094328-3.jpg,3,3,0.0089717975,0.00034841433,0.002706348,0.96592593,0.004255417,0.00030356612,6.8445118e-05,0.0028664416,0.014553639
20171219-095602-3.jpg,8,8,2.7755515e-05,6.5527141e-05,6.1001718e-06,1.5996532e-05,2.4136131e-05,7.52158e-05,2.0609098e-05,0.00023945009,0.99952521
20171113-113911-0.jpg,6,6,1.110821e-05,0.00019828364,4.6251894e-06,4.043079e-06,8.9444698e-06,4.0667477e-06,0.99966127,0.00010159559,6.0633797e-06
20171121-075510-1.jpg,6,8,0.00010545792,0.001996045,2.5539225e-05,2.360672e-05,3.6237983e-05,9.769112e-05,0.21032807,0.0059340449,0.78145331
20170207-153521-0.jpg,0,7,0.30121444,0.0012535783,0.00029091004,4.2202869e-05,0.00015240363,0.00045220985,0.00014612868,0.69571822,0.00072990428
20180322-113816-2.jpg,8,8,9.1072237e-06,1.1926081e-05,1.1696379e-06,2.4140714e-06,2.0831526e-06,2.2983449e-05,9.7553764e-05,6.0260684e-05,0.9997925
20171113-131606-2.jpg,6,6,3.450615e-06,3.5630508e-05,1.1804095e-06,1.0799088e-06,1.1721832e-06,2.9139168e-06,0.99987162,4.4774785e-05,3.8182573e-05
20180109-092228-1.jpg,8,8,0.00046040622,0.00013819277,3.3737205e-05,8.4476696e-05,0.00013106137,6.1136862e-05,5.5027591e-05,0.00034119777,0.99869476
20180125-100150-2.jpg,8,8,3.355385e-05,2.2235538e-05,2.5907657e-06,1.4087991e-05,5.0149392e-06,1.0792266e-05,4.0789661e-05,2.1907785e-05,0.99984903
20171113-144021-3.jpg,6,6,5.1817248e-06,2.1424656e-05,9.4843393e-07,3.3578432e-06,3.3204961e-06,3.3507857e-06,0.99772693,0.00010638696,0.0021291036
20170728-124656-2.jpg,4,4,9.433722e-06,7.5396098e-06,2.1223489e-06,1.914891e-06,0.99821533,3.0676154e-06,4.8691603e-06,7.1123765e-06,0.0017486147
20170210-150041-0.jpg,7,8,0.19832569,0.0094503014,0.0035752913,0.0057079791,0.0041414332,0.101211,0.0032298708,0.15870392,0.51565451
20171109-090929-2.jpg,5,5,0.00054124117,0.00045530918,8.7565276e-05,1.4464037e-05,3.3621526e-05,0.9982428,0.000324337,0.00018373748,0.00011692844
20170920-113857-2.jpg,2,2,5.36614e-05,2.137183e-05,0.99717744,0.00065387241,0.00028729531,1.8642036e-05,8.7833669e-05,9.2661275e-05,0.0016072213
20180125-130326-3.jpg,8,8,1.4902583e-06,7.3070924e-05,2.1822002e-07,1.5223928e-06,4.2772419e-06,7.2561903e-07,3.3288016e-06,1.9755232e-05,0.99989561
20180109-070808-2.jpg,8,8,9.059671e-05,0.00048745625,0.00014725778,0.00069669495,0.00062798752,6.2851544e-05,0.0011372344,0.00016795786,0.99658196
20170729-154322-3.jpg,4,4,8.6712681e-05,4.4027298e-05,3.3116618e-05,5.2462569e-05,0.99627808,2.8799757e-06,6.6102478e-06,7.4347946e-06,0.0034886789
20171025-090844-2.jpg,3,3,0.0052976397,0.00013507098,0.00051743727,0.99123611,0.00080821851,0.00052782514,6.5136919e-05,0.00064505437,0.00076751113
20170210-133954-0.jpg,0,0,0.99949345,6.6396129e-06,3.160388e-05,2.1309542e-06,2.5179326e-06,0.0001024141,1.650518e-06,0.00032226058,3.7337164e-05
20170906-110556-4.jpg,3,3,0.0067525185,4.8332092e-05,0.00029634226,0.98848631,0.00017387369,0.00016562549,9.2003482e-05,0.00034827366,0.0036367161
20171121-090718-3.jpg,6,6,0.00023531487,0.0098344038,0.00041054992,5.6649361e-05,0.0002207536,3.0395783e-05,0.9702346,0.0010484385,0.017928893
20170128-102020-0.jpg,8,8,4.9518747e-06,9.797485e-05,1.3138733e-06,1.604265e-05,1.1153363e-05,5.7495808e-06,2.0801919e-06,6.8297209e-05,0.99979244
20170913-124317-1.jpg,5,5,0.00028016544,1.5722814e-05,2.2476294e-05,0.00029508898,0.00010157023,0.99892702,1.1546744e-05,0.00021971215,0.00012669933
20171113-123510-3.jpg,6,6,1.3183774e-05,4.1119047e-05,2.2584902e-06,2.8573181e-06,2.4072106e-06,1.7261615e-06,0.99957373,0.00034769691,1.5017204e-05
20171220-084826-3.jpg,8,8,1.0197586e-05,4.5729028e-06,5.5189889e-07,2.2946219e-06,1.3914619e-06,1.096535e-05,1.5795106e-06,3.9676224e-05,0.99992877
20170727-170810-3.jpg,4,4,6.0193312e-05,0.00013377089,0.0054494132,0.00015149156,0.99010118,9.9567446e-06,5.9436576e-05,0.00011766745,0.0039168887
20170811-111407-2.jpg,0,8,0.15285564,0.0005606568,0.00010059209,6.9384954e-06,2.4086953e-05,0.00031979753,3.6899479e-05,0.0012176302,0.84487776
20180109-100212-1.jpg,8,8,9.2272058e-05,3.9853231e-05,2.9637515e-05,0.00014999392,3.2114145e-05,2.7870372e-05,5.0186468e-05,0.0016603902,0.99791768
20171219-104448-2.jpg,8,8,8.7948175e-05,0.00053254214,9.954293e-06,3.3497384e-05,9.1009042e-06,7.4004942e-05,3.7057645e-06,5.9618762e-05,0.99918963
20180109-110201-2.jpg,8,8,0.00066692025,0.00061244543,0.0028759442,0.0035485883,0.00031412225,0.0004133154,0.00016656717,0.015064167,0.97633793
20171203-165011-3.jpg,8,8,8.9715295e-05,0.00039677307,1.5686843e-05,7.069658e-05,5.8634217e-05,9.7116069e-05,7.6176998e-05,0.00024037065,0.99895483
20170704-155311-0.jpg,7,7,0.0010730754,0.00028337931,5.9294175e-05,1.4165376e-05,6.3417477e-06,0.00016093912,1.6810145e-05,0.99834332,4.2669855e-05
20171102-094504-1.jpg,4,4,9.1407695e-05,0.00041804783,3.0758647e-05,9.5907997e-05,0.83324026,5.0685867e-06,2.5595857e-05,8.952394e-06,0.166084
20170210-142338-0.jpg,7,7,8.4646203e-05,3.3383521e-05,2.457383e-05,1.105086e-06,4.7408462e-07,1.3881248e-05,5.1555759e-06,0.99983173,5.0512741e-06
20171113-101332-1.jpg,5,5,0.00029734438,2.2764363e-05,1.1787175e-05,8.6458007e-05,1.1114138e-05,0.9981627,3.5418288e-05,6.3941462e-05,0.0013084712
20170728-152324-1.jpg,4,4,1.4462012e-05,1.4589211e-05,0.00079141021,6.0060061e-05,0.99753636,9.4527398e-05,3.6441169e-05,5.4415711e-06,0.0014467035
20180125-131557-2.jpg,8,8,1.3416781e-05,9.5287924e-05,2.8187809e-05,3.2769584e-05,2.580737e-05,9.4441217e-05,0.00022849123,7.7078383e-05,0.99940452
20171212-095308-1.jpg,8,8,1.6877132e-05,1.8645139e-05,1.0160508e-06,5.3097301e-05,2.8918422e-06,6.8972584e-05,3.9851708e-06,5.0950235e-05,0.99978356
20180112-092041-1.jpg,8,8,9.001665e-05,8.3907894e-05,1.4703071e-05,5.7850476e-06,6.6220101e-06,2.6005162e-05,0.00021507839,0.0010997468,0.99845814
20170315-090619-0.jpg,8,8,0.00020318737,0.0014504188,7.2678031e-05,0.00012869999,0.00034410116,0.0005826261,6.7788711e-05,7.0842925e-05,0.99707966
20170913-122134-2.jpg,5,5,8.9799266e-05,9.9631788e-06,4.1755644e-06,0.00021150394,6.9317724e-06,0.99965188,1.5622925e-06,1.9025308e-05,5.1547824e-06
20180112-083234-1.jpg,8,8,2.6231521e-05,3.135639e-05,2.9530037e-06,6.9286705e-06,5.8328512e-06,1.0801341e-05,7.8955688e-05,0.00014021098,0.99969673
20170217-113113-0.jpg,7,7,0.00048297301,6.7532676e-06,3.2092759e-05,1.9920458e-06,1.301463e-06,3.2059666e-05,1.2030484e-05,0.99942829,2.5027471e-06
20170811-114233-2.jpg,0,0,0.9995883,6.1003791e-05,5.3940862e-06,9.1453875e-07,1.0205218e-05,2.1097921e-05,3.7808278e-06,0.00029601321,1.3291797e-05
20170714-115949-1.jpg,1,1,8.2030848e-05,0.99981818,3.1237814e-06,5.9612541e-07,1.0897686e-05,1.8328211e-06,2.5450307e-06,5.278748e-05,2.80073e-05
20180112-101211-2.jpg,8,8,0.00051394091,0.11673727,0.00028481299,2.4011095e-05,6.5141251e-05,0.00035300858,0.0015865542,0.0027164998,0.87771876
20180109-102822-2.jpg,8,8,0.0011425762,0.0045269729,0.0018278051,0.0032178917,0.0021571851,0.00037614111,0.00043253518,0.0044540217,0.98186487
20180125-132513-3.jpg,8,8,4.5360755e-05,0.00039593818,9.2880236e-06,4.335849e-06,0.00010041042,2.9510783e-06,6.0518988e-05,0.00046852599,0.99891267
20170920-130458-2.jpg,2,2,2.0560269e-06,1.0558813e-05,0.99982831,1.2156269e-05,2.8128778e-05,4.5230451e-06,5.0875377e-06,2.4552275e-06,0.00010672099
20170920-183850-1.jpg,2,2,3.1951111e-07,1.021367e-06,0.99997662,1.6181604e-06,8.1650882e-06,8.5730836e-07,9.0623127e-07,7.8591144e-07,9.708952e-06
20170718-095109-2.jpg,0,0,0.88770891,0.00093249191,0.0063473456,0.033902859,0.00029006148,0.00066823895,0.001838419,0.015196063,0.05311561
20180112-072522-1.jpg,8,8,0.0050364517,0.0011811442,2.3867104e-05,9.3677134e-05,6.9662134e-05,0.00010132756,9.7869152e-05,0.23914882,0.75424718
20180125-131041-2.jpg,8,8,0.00016289019,0.00024456975,2.0743919e-05,5.6836459e-06,6.2123529e-06,2.6553455e-05,9.1819387e-06,0.00069226299,0.9988319
20171218-120517-2.jpg,8,8,1.0608758e-05,1.8079895e-05,2.1751738e-06,6.4606965e-06,2.7181729e-06,6.938031e-05,5.8612229e-06,1.0688369e-05,0.99987403
20180119-114718-1.jpg,8,8,2.4920627e-06,7.5180806e-06,1.8442924e-06,1.1868516e-06,9.7938238e-06,3.0291004e-06,2.6474931e-05,8.3337514e-06,0.99993933
20180119-113452-1.jpg,8,8,0.0003550626,0.021959556,4.3221439e-05,1.2828294e-05,2.7662222e-05,0.00010113284,0.00096610035,0.00066137394,0.97587306
20170727-135511-1.jpg,4,4,2.2932991e-05,4.9660027e-05,2.1295414e-05,3.520949e-05,0.99856663,2.6196084e-06,5.4242077e-06,3.3140499e-06,0.0012929093
20180109-103003-2.jpg,8,8,0.002160572,0.00087215507,0.00071987773,6.8516536e-05,0.00050015166,3.3579365e-05,7.229679e-05,0.00079223932,0.99478061
20170718-133451-2.jpg,0,8,0.30168396,0.0049677031,0.00026337052,6.8528739e-05,6.3826294e-05,0.0001009306,0.00011757286,0.32596192,0.3667722
20180322-113447-2.jpg,8,8,1.4394588e-05,9.7218802e-05,4.3062249e-06,2.3400338e-05,3.9792414e-05,4.8052191e-05,7.4927443e-05,0.00018286361,0.99951504
20171122-095537-1.jpg,5,5,0.00021860527,9.6178281e-05,8.8232268e-05,1.8079803e-05,4.4688656e-05,0.9991897,0.00019840288,8.2554523e-05,6.3555566e-05
20180105-092846-2.jpg,8,8,8.4424889e-06,3.9329931e-05,1.0760824e-05,3.7989998e-06,1.5870152e-05,1.6971842e-05,0.00018927846,0.00037133961,0.99934421
20180119-110307-1.jpg,8,8,1.0719123e-05,0.00090292542,1.3081983e-05,1.7058629e-05,7.6716897e-06,2.6429483e-05,0.00019802785,5.4117861e-05,0.99876997
20170711-120306-0.jpg,7,7,4.2625196e-05,2.3524899e-05,1.2041974e-05,8.4649568e-06,1.3357842e-06,1.9765202e-06,2.4712384e-05,0.99985959,2.5730824e-05
20180119-110505-1.jpg,8,8,0.00011819947,0.0050870107,5.9258853e-06,1.9360623e-05,5.0842864e-06,0.00017524919,0.00020755234,0.00068769381,0.99369392
20170707-112019-0.jpg,0,0,0.62815093,0.0024290118,0.00059409566,0.00039931035,7.9707587e-05,0.00017420085,2.2144265e-05,0.35923435,0.0089162492
20171113-133110-1.jpg,6,6,1.0034645e-05,5.3440314e-06,1.6796529e-06,4.1579012e-06,3.1140287e-06,3.6114359e-06,0.99956151,0.00019611823,0.00021443415
20171102-123448-2.jpg,2,2,3.0464319e-05,2.3256178e-06,0.99958848,3.0595501e-06,1.3103811e-05,3.2899256e-06,6.9109988e-07,9.404392e-06,0.0003491779
20180322-130558-1.jpg,8,8,8.9334384e-07,6.4436694e-05,4.1362856e-07,1.3706759e-06,3.5930728e-06,1.2470335e-05,4.4678592e-06,5.1199828e-06,0.99990723
20180322-113157-2.jpg,8,8,4.0551603e-06,6.0826169e-06,1.5672192e-06,1.8401942e-06,1.0958729e-05,2.9181673e-06,1.2041377e-06,1.0766159e-05,0.99996061
20180119-110957-2.jpg,8,8,1.8246679e-05,0.005787807,2.0151334e-06,2.4028197e-06,1.3992326e-05,6.3596626e-05,0.00088731297,3.052217e-05,0.9931941
20170127-101438-0.jpg,1,1,5.3129175e-06,0.99977989,9.9461643e-07,2.1640998e-06,4.1754759e-06,6.8982754e-07,7.5087217e-05,6.2669796e-05,6.9016141e-05
20180125-092922-1.jpg,8,8,6.4021395e-07,0.00010912642,9.6242856e-07,7.2206621e-07,3.8399564e-06,2.4357452e-05,1.1052563e-05,8.6898116e-06,0.99984061
20180109-090504-1.jpg,8,8,0.00010157355,0.00020056411,1.5997264e-05,0.00092506411,8.5215553e-05,6.2335417e-05,0.00042983659,0.0016519482,0.99652747
20170714-115933-3.jpg,1,1,3.502513e-05,0.99988907,2.7992046e-06,8.4109067e-07,5.2159273e-06,1.187361e-06,2.7644676e-06,5.6644094e-05,6.4524807e-06
20170126-095350-0.jpg,1,1,4.7834594e-05,0.99964877,1.9906054e-06,2.0550844e-06,8.5294401e-06,1.5861171e-06,6.6864803e-06,0.00026729664,1.5253301e-05
20171219-101702-2.jpg,8,8,1.3340464e-05,2.7757575e-05,3.5012222e-06,2.040053e-06,3.7104295e-07,7.1902402e-06,1.2415142e-06,3.5553061e-06,0.999941
20170728-153559-1.jpg,4,4,1.4619648e-06,2.1390659e-06,1.8510053e-05,1.5038317e-05,0.99968167,3.0753851e-06,1.7886549e-06,5.0492483e-07,0.00027580695
20171121-083516-1.jpg,6,6,1.1305227e-05,6.4305175e-05,1.8245679e-06,3.6518107e-06,4.2111031e-06,3.7291003e-06,0.99986635,3.332174e-05,1.1303948e-05
20180125-131712-3.jpg,8,8,6.0103527e-05,8.377666e-05,0.00064289459,2.7755126e-05,0.00017488953,1.9572071e-06,2.1604431e-05,0.0011855434,0.99780148
20180109-073915-2.jpg,8,8,1.0181265e-05,2.9792346e-05,6.9973521e-06,4.8003112e-05,4.8670715e-05,9.8170262e-06,4.1642972e-05,1.7415645e-05,0.99978748
20180322-124839-1.jpg,8,8,8.7570638e-06,3.5680144e-05,2.3799867e-05,7.0410818e-06,0.00012751291,0.00020425703,7.6904913e-06,3.586636e-05,0.9995494
20170727-115633-3.jpg,4,4,9.7169363e-06,6.4793051e-06,0.00014665993,1.2772368e-05,0.99880798,9.1288553e-06,1.4396328e-05,4.4016251e-06,0.00098845993
20170714-114854-3.jpg,1,1,3.8101022e-05,0.99988314,5.0467763e-06,1.3485228e-06,8.6364794e-06,1.7205544e-06,3.5268678e-06,4.7478649e-05,1.1005164e-05
20170210-132218-0.jpg,7,7,0.00047698986,4.7631089e-05,8.0973819e-05,3.6760512e-06,2.5877508e-06,1.8703595e-05,1.5879016e-05,0.99934302,1.0535709e-05
20180119-110535-2.jpg,8,8,3.4052664e-05,0.00038573647,2.2655529e-06,4.9233405e-06,1.3733263e-06,6.2716998e-05,9.4372388e-06,4.4806778e-05,0.99945469
20170704-153529-0.jpg,8,7,0.051085205,0.025021588,0.0005917188,0.0065357019,0.0001063812,0.00044586158,0.000121202,0.88803259,0.028059747
20170729-093222-1.jpg,4,4,3.3639186e-05,2.4072287e-05,6.2736898e-06,4.6233271e-06,0.9966719,4.5953001e-06,8.1674679e-06,2.169572e-05,0.0032250368
20180322-104424-1.jpg,8,8,9.1640953e-06,3.3670067e-05,2.7879593e-06,5.3072825e-06,1.2296504e-05,7.6914679e-06,2.4272209e-06,4.3368475e-05,0.99988329
20171025-091538-3.jpg,3,3,0.0070566306,0.00054294715,0.00041733105,0.92211885,0.017634633,0.018083737,0.00038265498,0.0030140332,0.030749182
20180322-111917-1.jpg,8,8,7.3267399e-06,2.4163808e-05,3.7860797e-05,4.4383652e-06,1.2840284e-05,2.5139324e-05,2.6135271e-06,2.3798231e-05,0.99986182
20171220-084328-2.jpg,8,8,1.9633664e-05,0.00031887329,1.7931326e-06,6.5242883e-05,5.9028988e-06,4.764368e-06,1.7527336e-05,3.1092746e-05,0.99953517
20171218-112121-3.jpg,8,8,1.6435702e-05,5.0855951e-05,4.3848836e-06,4.4803382e-06,3.3281619e-06,0.00093217429,2.8645864e-05,3.2109724e-05,0.99892759
20170920-163223-3.jpg,2,2,7.1920743e-07,1.2739666e-06,0.99996851,3.4728307e-06,7.4638068e-06,2.6248925e-06,1.216895e-06,1.822948e-06,1.2890895e-05
20170727-171030-3.jpg,4,4,4.6700662e-05,6.0647115e-05,0.00066510932,0.00017130516,0.99119733,7.0901449e-06,2.458729e-05,0.00015163835,0.0076755877
20170714-170224-1.jpg,1,1,4.0297166e-05,0.99990286,4.7015496e-06,1.6602434e-06,6.8417436e-06,1.6080033e-06,2.606658e-06,2.8313363e-05,1.1116216e-05
20180322-113720-2.jpg,8,8,1.3470421e-06,1.6973832e-05,7.9356427e-07,8.6354244e-07,3.960722e-06,7.2338786e-06,2.6847857e-06,6.1098059e-06,0.99996003
20180109-065935-2.jpg,8,8,0.00016493989,0.0031412721,0.00011311982,0.00073192412,0.00059605776,0.00024495454,0.007691334,0.00063607782,0.98668032
20180109-101308-2.jpg,8,8,2.6464384e-05,0.00025130499,5.3169244e-06,3.6342611e-05,5.2265765e-05,1.1605592e-05,0.00047812606,4.180973e-05,0.99909676
20170714-120748-3.jpg,1,1,0.0010020746,0.99787548,2.3566172e-05,2.7546141e-06,5.5324595e-05,7.0494192e-06,3.5849671e-05,0.0008923405,0.00010556283
20171220-082954-3.jpg,8,8,1.1639425e-05,6.9374755e-06,6.7904502e-07,2.6453754e-06,2.4402207e-06,2.7473685e-05,2.4874379e-06,3.5690314e-05,0.99991001
20170714-143829-1.jpg,1,1,3.6909695e-06,0.9999315,2.2169876e-06,1.3807204e-06,4.3804422e-06,1.5005423e-06,2.672906e-06,1.4336122e-05,3.8318764e-05
20171217-183807-2.jpg,8,8,0.0046841266,0.095902242,0.046114462,0.028511169,0.004797078,0.00013953259,0.00014648706,0.014432001,0.8052729
20180109-075809-2.jpg,8,8,0.0016068972,0.00028725377,0.0031644744,0.0013912185,0.00093630371,0.00092670922,0.004384274,0.1632136,0.82408927
20170727-164458-1.jpg,4,4,1.381065e-05,1.3961951e-05,1.0230636e-05,3.2217601e-05,0.99821457,2.0089074e-06,5.446002e-06,7.7980802e-06,0.001699961
20170714-132614-1.jpg,1,1,0.00010482912,0.99967548,6.5891143e-06,1.7892798e-06,8.285322e-06,8.8278352e-06,2.1856458e-06,7.3840919e-05,0.00011817575
20180322-114143-2.jpg,8,8,3.6289152e-07,1.2388822e-05,1.8129361e-07,4.5605541e-07,2.7193065e-06,6.0762588e-06,4.0865143e-06,5.0379934e-06,0.99996869
20170727-134755-1.jpg,4,4,0.0013505831,0.00096083302,0.011755223,0.062421526,0.67068382,0.00019556906,0.00012554613,0.0025933222,0.24991358
20171121-073140-1.jpg,6,6,4.1182489e-06,0.00016712326,1.7694329e-06,4.7633835e-06,3.1222513e-06,1.984246e-06,0.99976473,2.9832878e-05,2.255359e-05
20180105-100422-2.jpg,8,8,2.1306496e-05,3.0526438e-05,3.9870489e-05,1.1432156e-05,7.3932081e-05,1.9347031e-05,0.0011098286,0.00052803964,0.99816572
20171220-101611-2.jpg,8,8,1.0206713e-05,6.0616354e-05,9.5771327e-07,5.7808705e-06,2.6816796e-06,0.00013655635,1.0222811e-05,4.6962451e-06,0.99976828
20170210-133449-0.jpg,0,0,0.96880061,0.00077889518,0.0011711849,0.00037295007,0.00054805713,0.0039466787,0.00010643425,0.0034901192,0.020785074
20171212-095750-3.jpg,8,8,1.733936e-06,2.1802429e-05,1.198418e-07,4.384953e-07,1.7506979e-07,1.0156331e-05,2.1698975e-06,2.4284019e-06,0.99996098
20171218-105320-3.jpg,8,8,0.00025019996,0.00040288973,7.2413612e-06,5.4597713e-06,1.3263028e-05,0.00051271136,6.8539287e-05,4.8904464e-05,0.99869079
20171212-095802-1.jpg,8,8,2.1222178e-05,1.7162732e-05,3.1292774e-07,7.5061733e-06,4.4745039e-07,3.7505725e-05,1.4186706e-06,7.5200947e-06,0.9999069
20180125-093201-2.jpg,8,8,4.1517822e-07,3.0727592e-05,2.9057858e-07,5.0757608e-07,2.2324725e-06,3.0881735e-06,6.4683367e-06,9.1133119e-06,0.99994716
20170714-190227-1.jpg,1,1,1.8333392e-05,0.99968633,7.0565954e-06,1.1584645e-06,9.0539945e-06,1.9063002e-06,8.6235948e-06,5.565954e-05,0.00021187517
20171219-114259-3.jpg,8,2,5.9995439e-05,0.00027979147,0.73443323,0.0003724186,0.0093749771,2.3687943e-05,0.00010811703,0.00012555571,0.25522223
20171212-093721-1.jpg,8,8,7.7564205e-06,5.3947421e-06,2.468386e-07,3.2031681e-06,2.7934963e-07,1.4062848e-05,6.2198757e-07,6.049999e-06,0.99996238
20180112-081353-1.jpg,8,8,1.8779692e-05,4.6197668e-05,1.0569249e-05,5.5298922e-05,1.8207544e-05,1.0847974e-05,3.1892054e-05,0.00063787466,0.99917033
20170727-113140-1.jpg,4,4,0.00063651153,0.00063615552,0.0024406919,0.00011196727,0.98983879,0.002017122,0.00058415133,0.00057708295,0.0031575227
20180119-115352-2.jpg,8,8,0.00036056442,0.0020504354,1.370394e-05,1.4938272e-06,2.2543453e-06,0.00024892251,3.0049025e-05,5.2094905e-05,0.99724048
20180125-100017-1.jpg,8,8,5.1557286e-06,1.8698499e-05,1.7094756e-06,4.0614099e-06,3.3802601e-06,3.1385225e-05,0.00047646491,2.0164882e-05,0.99943898
20170130-102142-0.jpg,1,1,0.0033988899,0.99366744,3.2077621e-05,7.3879711e-06,5.4807205e-05,4.7361021e-05,2.3047465e-05,0.0026961257,7.2866791e-05
20180109-074512-1.jpg,8,8,2.200942e-05,3.1016751e-05,8.7700494e-05,1.35962e-05,5.7954952e-05,2.4315519e-05,0.00069489766,0.00033015482,0.99873835
20171212-094815-1.jpg,8,8,4.6968014e-06,6.9271599e-06,2.5027253e-07,1.8829644e-06,2.9797611e-07,3.4627408e-05,1.7960224e-06,4.9884615e-06,0.99994453
20171109-095123-3.jpg,5,5,0.00047078247,0.00010490148,0.00018379834,2.6122831e-05,9.5818588e-05,0.99867301,0.00013661126,0.00020365069,0.00010530343
20180322-121001-2.jpg,8,8,7.2674623e-07,2.2902564e-05,1.5421924e-06,3.9799272e-07,7.3109268e-07,9.5301562e-06,4.3525034e-06,5.0636919e-06,0.99995475
20170128-102526-0.jpg,8,8,6.0094748e-05,0.026144671,9.8878937e-06,6.0088751e-05,7.0730795e-06,1.1422164e-05,0.0003115486,0.00033430627,0.97306091
20170718-132453-2.jpg,7,7,0.00038767758,0.00021399373,4.8635183e-05,0.0001055247,3.6778415e-05,1.3080662e-05,1.93005e-05,0.99895526,0.00021975147
20171122-095925-1.jpg,5,5,0.00038978955,3.4219053e-05,9.7072334e-05,1.8627015e-05,5.7577981e-05,0.99910662,0.00010228484,0.00013691852,5.6892596e-05
20171025-095149-2.jpg,3,3,0.00032140349,3.5928322e-05,8.8908094e-05,0.9982056,0.0001394416,0.00031246488,3.8245795e-05,5.3271076e-05,0.00080473321
20170715-151444-1.jpg,1,1,2.6646987e-05,0.99989556,2.260429e-06,1.0639496e-06,1.141321e-05,1.5416023e-06,1.9953111e-05,2.8796324e-05,1.2763931e-05
20170811-125323-2.jpg,0,0,0.99990243,5.9412599e-06,3.1151593e-06,6.5180921e-07,7.9947426e-07,1.0307451e-05,3.5667925e-07,5.8896042e-05,1.7505809e-05
20180109-080723-2.jpg,8,8,3.4343194e-05,2.0360612e-05,0.00025911971,4.7609936e-05,3.0719031e-05,1.62351e-05,0.00080587751,0.00078965655,0.99799608
20170304-132413-0.jpg,7,7,0.00045195759,0.00020220395,2.5945553e-05,5.4402554e-06,1.6867718e-06,9.2599137e-06,4.9849093e-06,0.99926013,3.8389166e-05
20170920-100739-1.jpg,2,2,3.231239e-06,1.0194293e-05,0.99982098,8.4311181e-06,4.9749733e-05,7.822106e-06,1.4429733e-05,3.311012e-06,8.1848707e-05
20180112-092418-2.jpg,8,8,0.00039885542,4.2893667e-05,0.00018851678,3.2472296e-05,5.7604412e-05,0.00010911996,4.8961729e-05,0.00017177479,0.9989498
20171102-102120-1.jpg,2,2,1.4368567e-06,3.5032356e-06,0.99915878,1.5354369e-06,0.00053459465,2.8410341e-06,2.7189291e-06,1.8404482e-06,0.00029274978
20170315-090445-0.jpg,8,8,0.0035729731,0.001713754,0.00023271092,0.00073147733,0.00042421448,0.00059965758,0.00014697175,0.012341014,0.98023723
20180322-111819-2.jpg,8,8,5.8224798e-06,3.8667913e-05,6.5451853e-06,2.4551613e-06,5.1235381e-06,8.4418293e-05,8.6652691e-06,2.1073675e-05,0.99982723
20180322-115701-2.jpg,8,8,4.8741993e-06,0.0009875006,1.1869286e-06,6.227391e-06,6.6645227e-06,1.2403961e-05,0.00035484259,0.00026671342,0.99835959
20180112-093206-2.jpg,8,8,0.00010530737,4.1150482e-05,0.00018098357,2.6596205e-05,4.0460271e-05,0.00048715616,8.3619647e-05,0.00012881886,0.99890591
20170913-103447-3.jpg,5,5,0.00040553759,0.00014842156,0.00012967642,0.0008834233,0.00062340502,0.99662471,4.8960587e-05,0.00028294229,0.00085292229
20170920-132728-2.jpg,2,2,9.256367e-06,2.2391225e-05,0.99983968,3.7521792e-05,7.1836822e-06,8.63534e-06,1.6511177e-06,2.5707852e-05,4.7970614e-05
20171102-121207-1.jpg,2,2,4.6614325e-06,2.5928482e-06,0.99996056,4.3429937e-06,1.6133638e-05,4.4528216e-06,5.5904729e-07,2.4029865e-06,4.298577e-06
20170727-115521-3.jpg,4,4,7.3608964e-06,6.0699628e-06,0.00031140549,1.21607e-05,0.99831772,3.8262243e-05,2.762642e-05,5.4096507e-06,0.0012739815
20171220-094808-1.jpg,8,8,1.8511305e-06,1.0189745e-05,2.8007152e-07,3.3491782e-06,6.8866383e-07,1.3929336e-05,1.8500378e-06,5.3923043e-06,0.99996247
20171220-095346-1.jpg,8,8,2.0038208e-05,3.6459494e-05,3.9463835e-06,9.8831242e-06,8.2568402e-06,0.0003294189,3.0008448e-05,3.20801e-05,0.99952991
20170210-142133-0.jpg,7,7,0.00020772263,4.7296609e-06,2.1321108e-05,1.0199794e-06,4.0475533e-07,1.3373026e-05,2.4646899e-06,0.99974402,4.9426018e-06
20171212-100816-1.jpg,8,8,3.0702713e-06,1.3796074e-05,7.9130911e-07,7.2376805e-07,1.6625969e-06,2.7967418e-05,6.8127881e-06,2.1369632e-05,0.99992381
20171121-074015-1.jpg,6,6,1.614726e-05,1.7667317e-05,1.2756177e-05,8.2144409e-06,1.2287812e-05,1.0786555e-05,0.99913166,0.00068914705,0.00010133712
20171121-090029-1.jpg,6,6,7.513846e-06,9.4221686e-05,1.0958801e-06,1.7699765e-06,2.598538e-06,3.123069e-06,0.99982027,6.6982889e-05,2.4287072e-06
20170210-133852-0.jpg,0,0,0.76013884,0.044070253,0.00093659381,0.011639898,0.010488439,0.0031625162,0.0024271493,0.0046129812,0.16252333
20171025-080448-2.jpg,3,3,0.0035064088,9.2937289e-05,0.00010002688,0.99401532,0.00024485765,0.00044311613,4.7431346e-05,0.00085840572,0.00069149821
20171113-115816-0.jpg,6,6,1.3069277e-05,4.9389064e-05,7.6403587e-06,9.1361642e-06,9.837793e-06,3.9945554e-06,0.99985029,5.4014799e-05,2.6271093e-06
20170128-104021-0.jpg,8,8,3.0342456e-05,0.00020029389,4.9092207e-06,8.3053932e-05,8.3636952e-06,1.2179573e-05,9.2920458e-06,0.00045660187,0.99919496
20170715-140313-1.jpg,1,1,1.3208778e-05,0.99994349,3.9678582e-06,1.1109998e-06,4.2872657e-06,8.5028481e-07,7.7791763e-06,1.9516303e-05,5.7863642e-06
20180112-094523-2.jpg,8,8,1.869909e-05,0.0015783105,4.1507534e-05,7.9357816e-06,0.00063881944,1.2955661e-05,0.00014434517,7.4864702e-06,0.99754994
20171219-113042-3.jpg,8,8,3.8096012e-05,2.6611213e-05,9.8844226e-05,1.8262703e-05,2.0220206e-05,5.4070943e-06,0.00012018208,0.00010071421,0.99957166
20171219-112949-2.jpg,8,8,0.00079499982,0.00078088387,5.2935288e-05,0.00077091378,0.00010090018,0.00035159027,0.0037742648,0.0014692423,0.99190427
20180105-091619-2.jpg,8,8,8.6759291e-06,1.9753365e-05,2.1099464e-05,6.3848892e-06,6.8165989e-05,1.7602561e-05,0.00035011918,0.00016989297,0.99933831
20180125-131915-2.jpg,8,8,1.8343006e-05,7.6752458e-05,8.4408578e-06,5.9128671e-06,9.0343426e-06,0.00028195451,0.00012563136,4.6083533e-05,0.99942785
20180109-100808-2.jpg,8,8,0.00010709088,0.00014725513,6.2194984e-06,4.5634137e-06,0.00015748219,1.1066047e-05,1.2980675e-05,1.8729696e-05,0.99953461
20180112-094355-1.jpg,8,8,3.0265941e-05,0.00011847671,4.2013529e-05,3.5013039e-05,2.6993607e-05,3.3340819e-05,0.00032653185,0.0015071871,0.99788018
20170727-162406-1.jpg,4,4,1.5142877e-05,1.5522059e-05,1.119125e-05,0.00010618293,0.99889709,1.9408616e-06,7.5741457e-06,1.9982491e-05,0.00092537514
20170811-132405-2.jpg,0,0,0.99468595,0.00013651184,8.4581939e-05,2.6232857e-05,0.00068480113,7.7371305e-05,2.2532458e-05,0.0016666295,0.0026153863
20170410-123806-0.jpg,0,0,0.99184433,0.0043799035,0.00026065763,2.8475743e-05,4.2894867e-05,0.00031413818,0.00011279661,0.0022441163,0.00077269008
20170728-151920-2.jpg,4,4,0.19014668,0.045259751,8.2630344e-05,0.066741811,0.52118406,0.0089808786,0.00046139457,0.0039694122,0.16317338
20171025-100924-2.jpg,3,3,0.00051938054,1.9566668e-05,3.8623095e-05,0.99793788,7.0595602e-05,0.00067867123,1.800051e-05,4.6497069e-05,0.00067078847
20171219-101912-3.jpg,8,8,3.8918247e-06,1.2800253e-05,3.7377661e-06,2.0209068e-06,1.8691175e-06,3.6659066e-05,8.6156098e-06,1.1832198e-05,0.99991857
20170304-130321-0.jpg,0,7,0.015616073,0.016330174,0.00086940474,0.00019677518,0.00021782978,0.00033312414,0.00036276467,0.95954761,0.0065262409
20170906-100047-1.jpg,3,3,0.00068882458,3.2392546e-05,5.6473667e-06,0.99869001,2.2215382e-05,4.2219385e-05,4.4762561e-06,0.00026539017,0.0002488239
20171218-110512-3.jpg,8,8,9.8206057e-06,0.00013590027,5.5914643e-06,4.3394863e-06,2.6523306e-06,0.00032332105,4.5916713e-05,3.6263509e-05,0.99943619
20170811-162102-1.jpg,0,0,0.99995127,2.1840628e-06,7.7457852e-06,7.4587902e-07,3.0720739e-06,3.5618926e-06,7.449471e-07,2.6999409e-05,3.6783694e-06
20180105-095922-2.jpg,8,8,6.6703428e-05,3.6528659e-05,0.00010300338,2.2980136e-05,6.5175022e-05,3.9804603e-05,0.0022493853,0.00072068367,0.99669574
20171217-103623-2.jpg,8,8,0.010508048,0.00057557878,3.0465516e-05,0.00098923645,0.0011826599,0.28958961,0.0016938736,0.0040555275,0.691375
20170128-101929-0.jpg,8,8,0.00026353213,0.00011637857,0.00012551393,0.0016844887,0.0013212908,3.131502e-05,2.3568836e-05,0.00081002683,0.99562389
20170610-122247-0.jpg,1,1,0.00010884929,0.99930079,3.3145568e-06,4.7255613e-06,1.251489e-05,6.7174337e-06,2.8990023e-06,0.00040230492,0.0001578892
20180112-092114-2.jpg,8,8,0.0046232624,4.4271333e-05,0.00050535793,8.9324096e-05,0.0001008213,0.00043144431,4.6552192e-05,0.0012922503,0.99286672
20171219-094700-3.jpg,8,8,1.6412636e-06,2.2486579e-05,5.1935695e-07,9.353502e-07,1.6890836e-06,2.0985321e-05,1.761434e-06,5.5840871e-06,0.9999444
20171113-130008-2.jpg,6,6,6.5730689e-05,0.0017675903,0.0002017421,6.856974e-05,0.00010492481,6.2353038e-05,0.96096848,0.011099852,0.025660756
20180112-093338-1.jpg,8,8,2.6586612e-05,0.00016200426,1.2897609e-05,5.0497327e-06,1.3356558e-05,4.4602781e-06,5.4770685e-05,0.00010200991,0.99961886
20171220-101758-2.jpg,8,8,1.1277019e-05,1.4056161e-05,1.2454575e-06,2.9919969e-06,1.7526602e-06,6.836981e-05,2.8094384e-05,3.8542009e-06,0.99986836
20170913-101003-1.jpg,3,3,0.00014804082,5.0240646e-05,5.942876e-06,0.99942441,3.68936e-05,0.00030073515,1.6633132e-06,2.6969383e-06,2.9373711e-05
20180322-124746-1.jpg,8,8,7.8389405e-06,0.00013281088,4.784282e-05,9.9085846e-06,0.00010205847,0.00015899121,7.6705621e-06,2.1350563e-05,0.99951153
20170610-123017-0.jpg,1,1,2.8615165e-05,0.99707431,2.5462669e-06,2.235083e-06,1.184766e-05,1.9839868e-06,0.00024760991,2.7191735e-05,0.0026036604
20171220-092429-3.jpg,8,8,8.6170957e-06,2.9949767e-05,3.4336405e-07,1.1663528e-06,3.4642127e-07,1.9183146e-05,1.3582239e-06,1.4079721e-05,0.99992496
20171218-122036-2.jpg,8,8,3.5556794e-06,1.4798201e-05,2.3375774e-06,3.5521828e-06,3.2101105e-06,0.00016093735,1.7342987e-05,9.4332471e-06,0.99978483
20180105-095713-2.jpg,8,8,1.1991217e-05,1.7039751e-05,3.9331162e-05,6.6440778e-06,3.6325888e-05,1.5366693e-05,0.00048052073,0.00025306448,0.99913972
20171218-110511-3.jpg,8,8,4.0419534e-05,0.00012368261,5.5124311e-06,1.6941773e-05,2.0882558e-06,0.00055445323,3.3571041e-05,0.00013435591,0.99908898
20170715-113141-1.jpg,1,1,0.00067494546,0.99725439,7.8970436e-05,5.453026e-05,0.00010304271,4.060065e-05,1.8296886e-05,0.0015836819,0.00019154544
20171113-133644-1.jpg,6,6,1.1610399e-05,5.5988814e-05,5.2845896e-06,7.1436793e-06,3.8284062e-06,7.7767937e-06,0.99922983,0.0001070326,0.0005715069
20180112-102332-2.jpg,8,8,0.0048433831,0.00013485293,0.00046809154,0.00026572951,0.00013567755,0.00020595022,0.00048346448,0.0072785711,0.98618428
20170906-094918-2.jpg,3,3,0.0017755788,0.00010922662,0.00045413249,0.97345383,0.00084068242,5.3848363e-05,4.6404421e-05,0.00075133696,0.022514962
20171218-103735-2.jpg,8,8,0.0010001742,0.0010435187,0.00040707982,6.5782769e-05,2.6285728e-05,0.0016479999,0.00032248645,0.0011580107,0.99432866
20180125-132729-3.jpg,8,8,1.7609104e-05,0.00041173795,6.7454302e-06,1.9405116e-05,2.5056982e-05,4.3601814e-06,3.1104666e-05,0.0015865256,0.99789745
20170920-101817-2.jpg,2,2,1.6865348e-06,2.5260031e-06,0.99989384,5.7007976e-06,5.4465626e-05,7.2388777e-06,6.047722e-06,1.8822842e-06,2.6611242e-05
20171220-095249-2.jpg,8,8,0.00013751485,0.00013202959,3.0962048e-06,1.852703e-05,1.4564873e-06,0.00017772615,3.862234e-06,0.00010357161,0.99942222
20180109-073101-1.jpg,8,8,5.2158565e-06,2.5730883e-05,7.447761e-06,7.4783364e-06,7.0002859e-06,2.0601629e-05,0.0028491942,0.00020762234,0.99686971
20180105-101131-2.jpg,8,8,3.4393122e-05,3.5765083e-05,0.00020132641,3.9191054e-05,0.00013666599,5.020208e-05,0.001900918,0.00074704507,0.99685449
20171113-145232-3.jpg,6,6,6.2466087e-06,0.00016734722,7.2482667e-06,2.4819038e-06,4.0802174e-06,2.8517012e-06,0.99935748,0.00013693461,0.00031533195
20171212-095147-3.jpg,8,8,4.034024e-06,1.7339064e-05,3.796146e-07,1.1999926e-07,3.6912384e-07,5.8527818e-06,4.526728e-06,9.7090262e-06,0.99995767
20180105-093811-2.jpg,8,8,3.7177333e-05,1.938108e-05,5.8922511e-05,2.156109e-05,2.2100787e-05,1.7096422e-05,0.0004975252,0.00076395015,0.99856229
20180109-091152-2.jpg,8,8,1.6838704e-05,7.7412279e-05,1.5671834e-06,4.3050294e-05,2.3364693e-06,5.4863854e-05,8.9923281e-06,6.1883132e-05,0.99973306
20170217-152300-0.jpg,0,0,0.99961014,7.7116235e-05,1.6182015e-05,3.5541762e-06,3.2841502e-06,1.879064e-05,1.2096209e-05,0.0002417668,1.7073443e-05
20171212-094434-1.jpg,8,8,1.073675e-05,5.2235114e-06,3.0622961e-07,4.3734269e-06,3.7030693e-07,1.5017339e-05,1.8478813e-06,6.4069616e-06,0.99995572
20171219-095652-3.jpg,8,8,6.4714208e-06,6.1083589e-06,5.0431483e-07,4.2140773e-06,1.056006e-06,2.8882206e-05,7.8511942e-06,3.1962193e-05,0.99991295
20171220-082927-2.jpg,8,8,4.8784748e-06,1.4816482e-05,7.0704499e-07,5.2286245e-06,2.7618546e-06,7.7725785e-06,1.1268029e-06,1.1135791e-05,0.99995157
20180112-092714-1.jpg,8,8,1.141999e-05,9.7002031e-05,1.4767929e-06,1.6697227e-06,3.0226944e-06,2.0301415e-06,7.0567663e-06,0.00027860402,0.99959772
20170718-132035-2.jpg,7,7,0.00044592352,0.0024241099,1.1510349e-05,2.2287382e-05,6.0379209e-06,1.6908212e-05,1.5604359e-05,0.99681616,0.00024145678
20170210-141801-0.jpg,7,7,0.00076972958,7.0722417e-06,3.6423431e-05,2.2432405e-06,3.0854326e-06,6.5969802e-05,3.75135e-05,0.9990718,6.1641244e-06
20180109-090753-2.jpg,8,8,3.1821768e-05,0.00013275887,4.5894412e-05,0.00012147252,4.3614907e-06,0.00012561243,2.8974304e-05,0.00046676341,0.99904234
20171109-091717-1.jpg,5,5,0.00031680319,6.4676989e-05,8.7292795e-05,2.2354822e-05,6.5622508e-05,0.99907556,0.00015554253,0.00018492904,2.7222639e-05
20170728-124122-2.jpg,4,4,6.6355243e-06,6.4384012e-05,6.6521005e-05,0.00011105749,0.9951832,4.3092904e-06,1.8701001e-05,8.9995879e-06,0.0045361935
20180112-094653-2.jpg,8,8,5.0110832e-05,2.5947801e-05,6.7242322e-05,1.0856428e-06,0.00010787911,2.9458435e-05,3.0302529e-05,1.9019439e-05,0.99966895
20161207-111917-0.jpg,0,8,0.14653304,0.16843927,6.1384505e-05,9.3757038e-05,0.0002127917,0.019712899,0.0047016288,0.0016334713,0.65861176
20171102-122914-3.jpg,2,2,4.8050707e-05,0.00018134269,0.99819758,7.9852221e-05,0.00090581634,0.00010462577,4.0758159e-06,1.0390905e-05,0.00046826884
20171102-121633-1.jpg,2,2,4.236598e-06,1.2543077e-05,0.99989132,6.8227126e-06,4.5640702e-05,2.5832778e-05,2.3938721e-06,2.0155408e-06,9.1988246e-06
20180109-070126-2.jpg,8,8,0.00020345358,0.00028754385,8.0284136e-05,0.00072696219,0.0012688814,0.0010195903,0.0011508037,0.00052572251,0.99473676
20171212-104904-3.jpg,8,8,7.1449898e-06,7.4218332e-05,3.6192982e-05,1.1693243e-05,7.6526647e-06,2.2845114e-05,2.9380184e-06,1.7703585e-05,0.99981961
20170913-125134-1.jpg,5,5,0.00016486527,9.4597619e-06,2.7112462e-05,0.00011166495,2.9346067e-05,0.99963108,3.3170997e-06,1.2545338e-05,1.0605099e-05
20171113-113043-0.jpg,6,6,5.4443946e-06,3.3985513e-05,3.8040591e-06,4.4992131e-06,4.2680765e-06,1.7971069e-06,0.99986045,8.098562e-05,4.7704399e-06
20170705-161400-0.jpg,7,7,0.010300123,0.00093202415,1.774785e-05,3.8625752e-05,4.766089e-06,0.00010337807,6.737119e-06,0.98553966,0.0030569345
20170811-112959-2.jpg,0,0,0.99793712,0.00011956711,1.5522483e-05,1.0114991e-05,2.6047717e-05,0.00010630099,4.9581224e-06,0.00085219752,0.00092817308
20170704-154906-0.jpg,7,7,0.0052954715,0.02066608,0.0013103347,0.00053327558,0.00029832316,0.00038718219,0.0017487147,0.90912526,0.060635358
20161207-112029-0.jpg,0,0,0.89727384,0.084468386,0.00017591459,3.2768703e-05,0.00019196522,0.015730162,0.00020857328,0.0015899203,0.00032847232
20170210-132522-0.jpg,0,0,0.99676829,8.6662653e-05,5.9833499e-05,7.5129149e-06,1.4756352e-05,4.8056418e-05,1.4714395e-05,0.0018874358,0.0011127418
20180322-114339-2.jpg,8,8,6.2907546e-05,7.5663689e-05,4.7753159e-06,3.6023344e-06,5.8090323e-05,2.2024878e-06,9.720777e-07,7.1670365e-06,0.99978462
20180119-105049-2.jpg,8,8,1.5387247e-05,9.4729389e-05,4.9402436e-06,5.547973e-06,1.2180826e-05,4.348831e-06,2.7835495e-05,4.8509423e-05,0.99978652
20171220-084737-2.jpg,8,8,0.00047838782,0.00046156264,1.7730939e-06,8.8663588e-05,6.6817394e-06,0.00037180587,1.713819e-05,0.00039452799,0.99817946
20171121-073623-1.jpg,6,6,4.1176244e-05,6.9996286e-05,2.684694e-05,1.5428125e-05,2.0579189e-05,3.50801e-05,0.99719358,0.002561226,3.608342e-05
20170718-132445-2.jpg,7,7,7.8595044e-05,1.4290799e-05,2.6462882e-06,7.2712297e-06,7.725651e-07,1.68351e-06,3.3015508e-06,0.99986709,2.4346804e-05
20180105-092349-2.jpg,8,8,1.3829072e-05,1.0550549e-05,1.5518408e-05,6.9342837e-06,3.2490546e-05,1.4139242e-05,0.0011182815,8.4510575e-05,0.99870375
20170714-150055-1.jpg,1,1,1.0860271e-05,0.9999582,1.389263e-06,4.5126375e-07,4.2590819e-06,4.0445181e-07,2.2103642e-06,1.6261073e-05,5.9638948e-06
20180109-105946-2.jpg,8,8,0.00051604782,0.0031982572,0.1242646,0.0018037951,0.00129718,0.00035602576,0.00013036208,0.00066630764,0.86776742
20180322-113804-2.jpg,8,8,3.292998e-06,5.7324714e-05,7.7827302e-07,1.0877382e-06,4.5733058e-06,2.9011843e-05,1.077962e-05,1.7788862e-05,0.99987536
20170128-102729-0.jpg,8,8,0.00026358035,0.0009617365,3.2216497e-06,0.00033761211,1.811995e-06,9.2416323e-06,6.0469413e-06,0.00070554583,0.9977112
20171220-100330-2.jpg,8,8,1.8251709e-05,6.6179849e-06,2.3611716e-07,6.6237303e-06,8.3946134e-07,0.00011015138,5.105359e-06,5.9211261e-06,0.99984625
20170714-135916-1.jpg,1,1,3.7232981e-05,0.99939723,1.5722907e-06,4.3239623e-06,3.8215303e-05,1.3251874e-06,1.964419e-06,8.9943034e-05,0.00042819523
20171217-184352-2.jpg,8,8,1.344265e-05,5.5751339e-05,2.7319185e-06,0.00015896482,1.9910656e-05,7.0113294e-05,5.050377e-05,2.3365314e-05,0.99960522
20170714-115346-3.jpg,1,1,9.4762474e-05,0.99923025,9.8799893e-06,3.6187143e-06,4.2706015e-05,2.81408e-06,2.8212028e-05,0.00057850895,9.2444844e-06
20171218-103931-3.jpg,8,8,2.8635716e-06,1.7150451e-05,2.1957118e-06,1.2801837e-07,1.00314e-06,2.915314e-06,2.0863621e-06,4.5660638e-05,0.999926
20180105-091805-2.jpg,8,8,0.00021925325,0.00035935454,2.1217193e-05,0.0019486799,0.00012809424,0.00059519439,0.067853884,0.0016931287,0.92718119
20170718-132456-2.jpg,7,7,0.0002211052,9.0902109e-05,6.5602805e-06,1.4821801e-05,2.7120806e-06,4.3329221e-06,3.3409624e-06,0.9996397,1.6527781e-05
20170811-112755-2.jpg,0,0,0.99781021,0.00050868015,1.0899164e-05,2.7847461e-06,2.2199301e-05,2.3668111e-05,1.5347965e-05,0.00033184756,0.0012743582
20180322-112516-2.jpg,8,8,4.7983019e-06,4.9090005e-05,3.3117598e-06,4.9921555e-06,1.2541978e-05,1.0027976e-05,1.0248328e-05,0.00017575611,0.99972923
20171220-093105-2.jpg,8,8,9.9662487e-05,1.742012e-05,2.0298089e-06,1.3710473e-05,2.5255537e-06,0.00011127998,2.0057128e-05,5.8819131e-05,0.9996745
20170610-123940-0.jpg,1,1,9.2106047e-05,0.99889463,6.0364339e-06,4.0338676e-06,1.7491013e-05,7.4154215e-06,2.1964192e-05,7.4804894e-05,0.00088152032
20171219-105947-2.jpg,8,8,4.3532068e-06,0.00042942028,3.0132913e-06,1.5532342e-05,3.5573434e-06,4.7798039e-06,1.2893951e-06,1.5767253e-05,0.99952229
20171025-092937-2.jpg,3,3,0.00068592796,7.4313542e-05,0.00031199178,0.9964039,0.0001296614,0.00051160797,8.6224933e-06,0.00011678631,0.0017571838
20170920-172602-1.jpg,2,2,1.1692954e-05,4.067265e-05,0.99944195,3.5337522e-05,0.00014959244,3.4361036e-05,2.8328441e-05,1.0110243e-05,0.00024795581
20171220-092121-2.jpg,8,8,0.00016333982,1.4226281e-05,7.1178098e-07,2.0494381e-05,8.5258453e-07,0.00021923689,0.00018198332,0.00017996387,0.99921919
20180322-112326-2.jpg,8,8,1.0120293e-05,2.6506034e-05,1.2678297e-05,1.7078015e-06,2.4333716e-05,2.0027836e-05,3.4385444e-06,2.1594664e-05,0.99987959
20171102-104540-2.jpg,2,2,0.00019028558,0.0002310623,0.82416426,0.00076007012,0.011881359,5.6207746e-05,0.00026347972,0.00034931968,0.16210396
20170217-104514-0.jpg,0,0,0.99874441,3.9689344e-06,2.0063281e-05,2.8657046e-06,2.1109101e-06,2.937434e-05,6.3532513e-06,0.0011659004,2.4956381e-05
20180112-093401-2.jpg,8,8,0.00075985941,0.00015707251,0.00018813361,1.7563349e-05,8.8244598e-05,0.00027784396,0.00016798977,0.0010325567,0.99731074
20180112-103409-2.jpg,8,8,0.00063185036,0.00059204431,0.00025064046,0.0060401622,0.00040944892,0.00028678054,0.00069574522,0.0030126273,0.9880807
20170906-135726-1.jpg,3,3,0.0285111,0.00154526,0.0023409217,0.9482315,0.0018531464,0.00065619073,0.00094424821,0.0054350444,0.010482592
20171113-120014-3.jpg,6,6,9.9096894e-06,5.5703466e-05,2.4732458e-05,1.7264702e-05,1.256576e-05,1.1131202e-05,0.99757285,0.0019351708,0.00036066884
20180125-132309-3.jpg,8,8,0.0020131078,0.00027225238,0.00012828011,3.2514493e-05,0.00013168197,4.223392e-05,0.00090065405,0.037784815,0.95869446
20170920-114046-3.jpg,2,2,6.3251764e-06,2.2723467e-06,0.99976949,3.1165876e-05,7.339199e-05,7.8421361e-06,1.3948451e-05,6.6579939e-06,8.8908873e-05
20171203-164604-3.jpg,8,8,4.4316268e-05,0.00018078729,6.6785766e-06,3.6164341e-05,5.1748196e-05,2.9535268e-05,3.0507026e-05,4.1089146e-05,0.99957917
20171220-084748-2.jpg,8,8,7.2716984e-05,3.4018675e-05,1.2182208e-06,6.0324326e-05,5.2211841e-06,0.0005537836,8.7332566e-06,6.6423728e-05,0.99919756
20170630-154236-0.jpg,7,7,0.0036724478,0.0011972088,0.00011696358,3.5990877e-05,1.2950895e-05,1.7025495e-05,0.00022688548,0.9943501,0.00037043131
20171212-100831-1.jpg,8,8,1.0150262e-05,0.00011253153,2.626067e-06,1.1271469e-06,2.1713362e-06,0.00065851024,1.2652852e-05,4.5264022e-05,0.99915497
20171113-135117-1.jpg,6,6,2.6497556e-05,0.00057709532,1.0431323e-05,6.8225748e-06,1.6676094e-05,1.1297753e-05,0.99789016,0.00027283105,0.0011881867
20180112-091942-1.jpg,8,8,2.1842588e-05,9.0137056e-05,6.4908509e-06,3.426958e-06,2.2741248e-06,1.1164994e-05,7.5638276e-06,0.00036074111,0.99949636
20180109-075231-2.jpg,8,8,0.0019256636,0.01114122,0.00034469942,0.00053801626,0.00078380072,0.00079796223,0.0025153128,0.0015520453,0.98040128
20171218-105238-3.jpg,8,8,2.4295135e-05,0.00010386068,3.2696228e-06,4.7015055e-06,4.3082435e-06,0.00020476825,1.428387e-05,2.8318298e-05,0.99961219
20170714-141938-2.jpg,1,1,0.016217002,0.98285431,9.8046554e-06,1.1029825e-05,8.2039801e-05,1.6635668e-05,2.5535452e-05,0.00069002827,9.3614896e-05
20171113-131413-0.jpg,6,6,6.8677266e-06,9.0010646e-05,3.7243511e-06,2.5007383e-06,1.7591048e-06,2.2757084e-06,0.99960094,0.00028271901,9.2061435e-06
20170705-164801-0.jpg,7,7,9.7845688e-05,4.5970631e-05,5.7327853e-06,2.0155301e-05,1.7049969e-06,3.8948357e-06,7.3263952e-06,0.99971329,0.00010407772
20171218-104232-3.jpg,8,8,8.4636898e-06,8.2567823e-05,8.746229e-06,2.4807683e-06,1.7642615e-05,9.8119569e-05,3.8848755e-05,3.8345823e-05,0.99970478
20171219-113619-2.jpg,8,8,0.00069161256,0.0001044491,0.00012580883,0.00012577409,9.1582964e-05,0.00010740587,0.0011966288,0.0015121175,0.99604462
20161207-144724-0.jpg,7,1,0.013125223,0.70225263,0.00026743561,0.00010474752,0.00029996777,0.0023107714,2.5426597e-05,0.26793523,0.013678562
20170811-135001-2.jpg,0,0,0.99952276,0.00010481218,8.8014238e-06,1.4415955e-06,4.3594088e-06,4.0991151e-05,1.2333642e-06,0.00029090594,2.4691022e-05
20171113-133312-1.jpg,6,6,2.22213e-05,3.0733154e-05,2.4409849e-06,1.2546215e-05,8.796727e-06,3.2376906e-05,0.99968042,0.00014839986,6.2061451e-05
20170501-142614-0.jpg,1,1,1.4042546e-05,0.99991295,1.0733917e-06,3.8011448e-07,3.5687542e-06,8.4624333e-07,2.6262842e-05,3.2037329e-05,8.8374816e-06
20171203-173258-3.jpg,8,8,0.0001084707,0.00011362129,1.6401441e-05,5.2219214e-05,0.00023364993,1.78517e-05,0.00046768429,0.00012160356,0.9988685
20180112-073544-1.jpg,8,8,2.9235518e-05,9.3196982e-05,2.3592489e-05,2.95999e-05,6.7854964e-05,1.607439e-05,0.00024955046,4.2735675e-05,0.99944816
20180125-100845-1.jpg,8,8,3.0403997e-07,1.1660313e-05,2.2600915e-06,4.5096863e-07,5.6259395e-06,1.2062593e-05,1.6857749e-05,6.8526043e-06,0.99994393
20180105-093745-3.jpg,8,8,8.279308e-06,1.350004e-05,6.8146786e-06,7.8806805e-06,1.8958395e-05,6.2977371e-06,0.0016384663,5.0733848e-05,0.99824907
20170803-131611-1.jpg,0,0,0.99990028,4.6958954e-05,4.0303162e-06,1.1142762e-06,3.6422406e-06,9.3421574e-06,1.2558402e-06,2.2607433e-05,1.0772415e-05
20171113-092956-3.jpg,5,5,0.00082335097,5.9173341e-05,0.00019390117,9.1557908e-05,0.00013961685,0.99791385,0.00028695846,0.00031300999,0.00017858072
20170714-115730-2.jpg,1,1,7.8925303e-06,0.99994892,2.9956032e-06,8.9005226e-07,4.0752453e-06,1.1280428e-06,2.944223e-06,2.0145483e-05,1.1008275e-05
20171025-094904-3.jpg,3,3,0.0013459968,0.0001413664,3.6205143e-05,0.9957455,0.00027996114,0.0010756129,5.6040911e-05,0.00011460775,0.0012047053
20170913-122254-3.jpg,3,3,0.0037270793,0.0011199543,0.0022769905,0.90332889,0.0043524066,0.082466268,0.0005266633,0.0010532502,0.0011485
20171102-120800-2.jpg,2,2,0.0004920831,0.0025648578,0.94408132,0.00034721516,0.0033732231,0.048635832,9.3443261e-05,0.00019098351,0.00022104031
20170210-131513-0.jpg,7,7,0.00039527476,5.7419279e-06,4.1419874e-05,2.8007678e-06,1.1265964e-06,4.7111642e-05,4.2095846e-05,0.99945263,1.1800939e-05
20171205-124213-2.jpg,8,8,0.00085496127,0.0019651526,2.1985729e-06,0.021087248,0.0073223367,0.0020236647,9.5234297e-06,4.6533115e-05,0.96668838
20180125-092007-1.jpg,8,8,7.1022864e-07,6.3203326e-05,9.8636025e-07,5.1174743e-07,3.7158312e-06,3.6002426e-06,1.0062339e-05,2.1500027e-05,0.99989571
20171025-073458-2.jpg,3,3,0.00032798414,0.00038730172,5.1271108e-06,0.97981481,3.6362266e-05,0.00017453246,7.2028133e-05,5.8286862e-05,0.019123568
20180322-113021-2.jpg,8,8,1.1057404e-05,1.6039513e-05,4.1407206e-06,3.8396261e-06,1.156321e-05,3.1052279e-06,1.0488236e-06,2.2627993e-05,0.99992658
20180322-103240-2.jpg,8,8,2.3904111e-06,4.9182867e-05,7.2209433e-06,1.4050089e-06,1.1151452e-05,1.4336626e-05,2.9401398e-06,1.3032698e-05,0.99989834
20171113-133727-1.jpg,6,6,1.2234018e-05,2.099105e-05,4.2751934e-06,5.6220698e-06,6.4073965e-06,5.6186712e-06,0.99668203,0.00019427842,0.0030685472
20171025-101207-2.jpg,3,3,0.0021282869,0.00017183141,9.4147466e-05,0.98517851,0.0008294429,0.0018480917,6.2247642e-05,0.00031131843,0.009376121
20170207-154732-0.jpg,0,0,0.98120256,0.00052305115,0.00071279019,0.00061087753,0.00028537561,0.0062415479,0.00011130901,0.0081205976,0.0021918868
20180322-112853-1.jpg,8,8,2.1498839e-05,0.00014243243,2.1895762e-05,3.8560221e-06,5.1698725e-06,2.8340155e-05,1.0116005e-06,0.00014428918,0.99963151
20170630-155427-0.jpg,7,7,7.8844477e-05,8.1557277e-06,8.9176158e-06,7.6309886e-07,2.8008517e-07,1.1344073e-05,1.0822363e-05,0.99987772,3.1495191e-06
20171220-093327-3.jpg,8,8,8.4147214e-05,3.9388683e-05,4.9052828e-06,1.760172e-05,2.6696686e-06,0.00019683088,0.00022950061,0.0017729904,0.99765197
20171102-122305-3.jpg,2,2,1.2066443e-06,1.1845167e-06,0.99996606,1.4341638e-06,1.4244724e-05,4.3439661e-06,4.2267317e-07,2.0923597e-06,9.0077625e-06
20170704-150611-0.jpg,7,8,0.011439079,0.0080335541,0.0015328373,0.0090022629,0.00059713718,0.00017378751,0.0010184453,0.37816096,0.59004194
20180322-103350-1.jpg,8,8,3.9146453e-05,0.00010155521,3.2543126e-06,3.8384156e-05,5.4330538e-05,6.386299e-05,5.4931181e-06,0.0002309131,0.99946306
20171220-084929-2.jpg,8,8,1.8958097e-05,3.3284108e-05,4.4036969e-06,6.7650746e-06,5.9802395e-06,0.0011867643,2.8389754e-05,3.8423984e-05,0.99867703
20180125-094316-1.jpg,8,8,5.4663629e-07,1.4606656e-05,1.0063963e-06,5.759332e-07,4.4782355e-06,1.7946313e-05,6.0444899e-06,3.2472191e-06,0.99995155
20170728-120256-2.jpg,4,4,1.2738164e-05,8.2447437e-06,4.1022723e-05,3.2521785e-05,0.99942181,7.2072476e-06,3.2520745e-06,4.9433621e-06,0.00046825508
20170913-104436-3.jpg,5,5,0.00077222104,4.7830208e-05,2.9498331e-05,0.00019300036,3.0560302e-05,0.99854497,8.1077885e-06,0.00017640707,0.00019740271
20180105-094110-3.jpg,8,8,6.7513023e-05,2.9918834e-05,1.4725381e-05,1.2192298e-05,6.7454026e-05,8.8242337e-06,0.0016477215,0.00016177943,0.99798987
20171220-101008-1.jpg,8,8,9.5002861e-06,4.8156625e-06,4.7286749e-07,7.7994531e-06,1.3298477e-06,0.00021933446,3.0753905e-06,9.8372262e-06,0.99974383
20170920-190555-1.jpg,2,2,3.4715359e-07,8.5025236e-07,0.99997436,2.5273236e-06,9.7402642e-06,6.1402355e-07,1.3864859e-06,1.0203449e-06,9.1525701e-06
20180119-105857-1.jpg,8,8,0.046527333,0.0031530476,1.4116284e-05,2.6019518e-05,5.0271475e-05,0.00022144773,0.00032110192,0.0037762116,0.94591045
20171218-113429-3.jpg,8,8,3.1409083e-05,0.00036137125,0.00039200019,1.6115703e-05,0.00016680088,0.00062782563,3.8667477e-05,1.2624475e-05,0.99835319
20180109-094650-1.jpg,8,8,5.5694893e-05,2.2326866e-05,8.5555466e-06,8.6344767e-05,1.9906657e-05,3.1234223e-05,3.5527033e-05,0.00039896876,0.99934144
20170501-143023-0.jpg,1,1,0.00014671856,0.9983097,2.2184378e-05,2.4690848e-06,1.2499858e-05,5.4938019e-05,0.00054796594,0.00030113657,0.00060239184
20170207-141531-0.jpg,7,7,0.0058270691,0.00066307608,0.0002019361,6.1953265e-05,8.3668545e-05,0.0012828901,0.0001303893,0.99164293,0.00010609216
20180322-112424-2.jpg,8,8,1.3103471e-06,1.1414661e-05,1.7184409e-06,7.7692624e-07,1.6510144e-06,7.986439e-06,4.9711657e-06,4.0506353e-06,0.99996612
20180105-092523-2.jpg,8,8,3.6843947e-05,3.3858579e-05,0.00061131037,2.6666772e-05,0.00022509785,1.689933e-05,0.0014278725,5.7261734e-05,0.99756419
20180112-082416-1.jpg,8,8,3.6554775e-05,5.9137456e-05,1.2266354e-05,4.5752964e-05,1.1058421e-05,3.6489415e-05,6.8896958e-05,0.00078986416,0.99893998
20171218-111306-3.jpg,8,8,4.1071135e-05,5.7579731e-05,3.1987052e-06,2.1105585e-06,2.0681005e-06,4.255239e-05,1.108348e-05,0.00010658765,0.99973375
20171205-133606-2.jpg,8,8,9.1934702e-05,0.00051093691,6.5192113e-06,2.2058944e-05,1.7242803e-05,0.00031735844,1.530427e-05,0.00026250746,0.99875614
20171219-113454-2.jpg,8,8,0.0011775972,0.0010491332,0.0011933809,0.00054916292,0.0065581865,0.000133836,0.0012579693,0.0009956729,0.98708506
20171203-172217-3.jpg,8,8,7.7708314e-05,0.0009380311,1.0418771e-05,1.5537106e-05,5.9239704e-06,8.3576483e-05,2.7022307e-05,0.00060242816,0.99823935
20180322-124822-1.jpg,8,8,5.0468754e-06,7.6782381e-05,1.4600373e-05,1.3693749e-05,6.216217e-05,0.00029983847,8.4723955e-06,2.7238802e-05,0.99949216
20180109-092334-2.jpg,8,8,5.5730351e-06,5.8296105e-06,8.9130613e-06,5.9612436e-06,4.5114053e-05,2.06853e-05,1.1383785e-05,2.039169e-05,0.99987615
20180109-090023-1.jpg,8,8,5.5821256e-05,5.0953451e-05,8.2554883e-06,0.00036564081,1.5771652e-05,3.3500566e-05,0.00039511705,0.0015765687,0.99749837
20170913-104656-1.jpg,3,3,1.3163743e-05,2.9142317e-05,1.2586733e-06,0.99974153,4.2199327e-05,0.00010691062,3.6067579e-06,7.6526226e-07,6.142222e-05
20171109-091412-2.jpg,5,5,0.00067421462,0.00013788616,7.3221767e-05,1.9246396e-05,4.7627273e-05,0.99875673,8.3372447e-05,7.8641183e-05,0.00012906271
20171220-092108-3.jpg,8,8,0.00041780877,1.0709978e-05,1.1145917e-06,8.1813787e-05,3.355748e-06,0.0001012266,3.7065701e-06,4.3729559e-05,0.99933653
20171220-084907-2.jpg,8,8,1.3854938e-05,1.915706e-05,1.9293138e-06,6.2989785e-06,2.1824905e-06,0.00021992488,5.4068218e-06,1.8984635e-05,0.99971226
20170210-132618-0.jpg,0,0,0.99771828,9.835856e-06,1.4661727e-05,2.6043131e-06,3.7598432e-06,1.0936596e-05,1.0519069e-05,0.0021907481,3.8657729e-05
20180112-073449-1.jpg,8,8,1.0683309e-05,0.00020733349,8.0595248e-06,2.2135591e-05,1.7882059e-05,7.8272577e-06,6.0242846e-05,8.2092522e-05,0.99958374
20171220-085211-3.jpg,8,8,0.0008554485,0.0016406597,0.00020938449,3.8248332e-05,0.0003172956,0.00027262632,0.0019852245,0.0060239523,0.98865716
20171121-082808-2.jpg,6,6,1.8734096e-05,0.00017244292,6.9228781e-06,9.0228273e-06,1.1022166e-05,7.7226594e-06,0.99944149,0.00022303867,0.00010960167
20171109-074707-3.jpg,5,5,0.00020768661,3.0367744e-05,0.00010633474,1.4033473e-05,6.7562233e-05,0.9993024,0.00010776174,9.3083644e-05,7.0768826e-05
20180112-092924-1.jpg,8,8,7.2724876e-05,0.00019012039,1.5142289e-05,1.42273e-06,1.8497479e-05,1.8199898e-05,7.7879785e-05,0.00017572145,0.99943029
20171025-094116-1.jpg,3,3,0.00046856024,3.4602516e-05,0.00014051306,0.99554137,0.00041833438,0.00063961786,2.8986262e-05,5.2111406e-05,0.0026759093
20170501-145604-0.jpg,8,8,0.00058660011,0.0011598525,8.5051965e-05,0.00036639661,8.7835572e-06,1.5245089e-05,0.00022350245,0.013441955,0.98411261
20170913-124142-1.jpg,5,5,0.00031427765,2.3993585e-05,8.6470721e-05,6.131138e-05,0.0001251626,0.99912044,4.7379126e-06,6.4203986e-05,0.00019939952
20170728-124854-2.jpg,4,4,2.1838725e-05,7.6795432e-06,8.0964279e-05,2.1270516e-05,0.99237979,6.5211369e-06,1.2137346e-05,1.9164046e-05,0.0074506375
20171108-124156-3.jpg,5,5,0.00037102107,8.8325546e-06,8.7057174e-05,1.3931629e-05,3.9295923e-05,0.99911405,5.0425579e-05,0.00028982574,2.5555878e-05
20180109-092008-1.jpg,8,8,0.017720007,0.00022014504,0.00037879521,0.0019160119,0.00026838274,0.00094343235,0.0012943779,0.044332963,0.93292588
20180109-075152-2.jpg,8,8,0.00010041281,0.00036091501,5.7952771e-05,0.00024957132,0.00058370833,4.9202971e-05,0.00081844479,0.00017069105,0.9976091
20180112-080916-2.jpg,8,8,0.0022555523,0.00019849703,8.9314029e-05,0.21426084,4.5774137e-05,0.00013343583,0.00015492875,0.0050343917,0.77782726
20170210-132902-0.jpg,0,0,0.82241562,0.0002028135,0.0010090237,7.8472847e-05,2.3444894e-05,0.0010414916,7.213611e-05,0.064775263,0.11038173
20170920-101234-1.jpg,2,2,3.4722159e-05,5.9803198e-05,0.99389875,1.6145725e-05,0.0048320868,2.9547926e-05,3.6411657e-05,9.996298e-06,0.0010825412
20180109-091450-2.jpg,8,8,0.00043750141,0.00056405686,4.7327294e-05,0.0065756438,0.00036007222,0.00030873895,0.00092925467,0.0025691789,0.98820823
20170811-125256-2.jpg,0,0,0.99932321,1.8362316e-05,2.1946715e-05,1.0383171e-06,9.6428437e-06,0.0005717662,4.21008e-06,3.8287795e-05,1.1537006e-05
20171220-083802-3.jpg,8,8,3.8873164e-05,7.7852953e-06,1.2960266e-06,4.952687e-06,8.2634152e-06,2.4328904e-05,1.8351118e-06,1.2750531e-05,0.99989991
20170714-135001-3.jpg,1,1,8.6114202e-05,0.99980684,1.0979895e-06,9.7466884e-07,9.3482747e-06,9.0101297e-07,2.1625173e-06,6.4547214e-05,2.8017435e-05
20170210-132021-0.jpg,7,7,0.0042751495,7.2011665e-05,0.000254346,1.6084031e-05,5.8162843e-06,4.7633957e-05,3.5995874e-05,0.9949576,0.00033536398
20171218-110926-2.jpg,8,8,0.00036284892,0.00015031006,3.0392263e-05,1.5233009e-05,5.1921447e-06,1.2111434e-05,1.1886313e-05,0.00095530403,0.99845672
20171113-092203-3.jpg,5,5,0.00055670977,3.0032223e-05,0.00016335827,3.5615317e-05,6.2380381e-05,0.9977864,0.00013322044,0.0010947049,0.00013757767
20170718-132207-2.jpg,7,7,0.0001796949,3.1337469e-05,1.6618046e-05,2.7879749e-05,4.0495563e-06,2.6931602e-05,2.2145162e-05,0.99941713,0.00027421383
20170217-122030-0.jpg,0,0,0.99972956,4.2728381e-06,2.161648e-05,4.8322054e-06,4.0132187e-06,8.445013e-05,5.5090397e-06,9.1927268e-05,5.3821849e-05
20171113-101927-0.jpg,6,6,7.0173345e-06,2.8834065e-05,1.2562073e-05,5.7500488e-06,4.0481513e-06,6.1879207e-06,0.99941462,0.00048236459,3.8616128e-05
20180112-070741-2.jpg,8,8,0.00038935246,0.0007435706,5.3400967e-05,0.00018636835,0.00027998923,3.3781323e-05,0.00010702896,0.00059520915,0.9976113
20171218-113245-3.jpg,8,8,0.00015942241,0.0001218978,1.2991268e-06,0.00014564586,2.7368816e-06,0.0008767477,6.1786319e-05,6.325487e-05,0.99856721
20170913-105841-3.jpg,5,5,9.3699924e-05,1.2016134e-05,1.0609793e-05,3.4472149e-05,1.1108151e-05,0.99975881,2.5112593e-06,6.6458634e-05,1.0317644e-05
20171113-115735-3.jpg,6,6,1.6927955e-05,1.913902e-05,8.8460841e-06,2.9247691e-05,1.7145481e-05,5.1052725e-06,0.99915707,0.00036301089,0.00038350261
20180105-092732-3.jpg,8,8,6.4234125e-06,0.00027114335,1.4540623e-05,1.7496958e-05,2.4352195e-05,1.5817381e-05,0.071383419,0.0001105936,0.92815621
20170127-101707-0.jpg,1,1,7.6079686e-06,0.99981776,1.4869394e-07,2.9674226e-07,2.8423091e-07,2.3066485e-06,3.9935479e-05,7.8916823e-06,0.00012376987
20180322-111023-2.jpg,8,8,1.8255407e-06,4.9004894e-06,3.4588294e-06,4.9769107e-07,1.1703165e-06,1.0332039e-05,1.6785683e-06,1.4392763e-05,0.99996174
20171025-091306-1.jpg,3,3,0.00093118799,5.5510687e-05,5.8286632e-05,0.99759663,0.00047652711,0.00027542566,2.1451807e-05,6.3846124e-05,0.00052113018
20171218-104012-2.jpg,8,8,0.00013301854,0.014648527,1.1036219e-05,1.0062092e-05,2.265715e-05,0.00068133779,5.4641817e-05,0.0001939511,0.98424477
20171218-120734-2.jpg,8,8,2.0210241e-05,2.2129938e-05,3.5024203e-06,6.9093429e-06,5.0077904e-06,0.00010549954,5.8359791e-05,1.5631503e-05,0.99976275
20180109-095719-1.jpg,8,8,4.9434336e-05,0.00013373152,1.8859612e-05,0.00011993426,1.6672646e-05,2.3874116e-05,0.00011047051,0.0010223549,0.99850467
20180109-092223-2.jpg,8,8,9.79637e-05,4.4185746e-05,1.3950619e-05,1.1430088e-05,2.6422195e-05,2.1711367e-05,0.00023026134,0.0004670103,0.99908706
20171220-090512-2.jpg,8,8,0.00021632587,0.0002195883,0.001245245,1.7065255e-05,6.7142201e-06,5.3707423e-05,7.3573207e-06,0.00019856943,0.99803543
20170501-145007-0.jpg,8,8,0.00030821106,0.0040645974,5.6782981e-05,0.00021972195,1.8442586e-05,0.00034076298,0.00010646186,0.0026249153,0.9922601
20180109-070530-1.jpg,8,8,2.2930782e-05,8.1272154e-05,7.0794942e-07,2.1104356e-06,2.34348e-05,9.7241364e-06,8.4280933e-05,3.8588304e-05,0.99973695
20180109-092518-1.jpg,8,8,3.6453022e-05,0.00010620063,9.2078113e-06,9.5222415e-05,2.8948758e-05,4.8814221e-05,0.00018550059,0.00067305589,0.9988166
20171113-151058-0.jpg,6,6,0.00043594978,0.00037249285,0.00019741027,6.6623968e-05,0.00034522594,2.6202965e-05,0.99178873,0.0042993041,0.0024680635
20170811-124803-2.jpg,0,0,0.92497136,0.001123979,8.5135397e-05,1.2284731e-05,3.8076325e-05,0.00013324548,3.3014026e-05,0.068064509,0.0055383974
20180105-092255-2.jpg,8,8,2.0688409e-06,1.3389439e-05,3.2083428e-06,6.1270323e-06,1.4290572e-05,9.2235693e-06,0.00098750915,3.4231998e-05,0.99892995
20170715-100156-1.jpg,1,1,0.00010912901,0.99886881,1.0152111e-05,8.6342777e-06,2.5065786e-05,1.1464318e-05,0.00040046678,0.00014199663,0.00042427802
20171212-094924-3.jpg,8,8,1.9618771e-06,1.7503019e-05,4.3010862e-07,2.9344036e-07,9.4611411e-07,3.9854814e-06,3.9160166e-06,1.4702246e-05,0.99995626
20171219-113516-2.jpg,8,8,0.0024886943,0.00036848122,0.031015882,0.00073500709,0.011817112,0.0018239007,0.0018671569,0.0031492261,0.94673454
20170920-130234-2.jpg,4,2,0.00013496087,3.9511393e-05,0.99646365,0.00051188301,0.00065378172,1.0999791e-05,1.166622e-05,5.0746233e-05,0.0021227969
20180109-103642-1.jpg,8,8,1.3807024e-05,2.4790449e-05,2.1540312e-05,1.0507451e-05,0.00019886909,7.4784314e-06,5.5946176e-05,0.00011908057,0.99954798
20171217-103334-2.jpg,8,8,0.00012411676,0.00010041502,2.2992179e-05,0.00067431155,0.00028646514,0.0028342333,0.00016567437,0.00021298474,0.99557881
20170728-122435-2.jpg,4,4,1.6973158e-05,6.9293855e-06,0.00024226552,4.3662676e-05,0.99886229,3.1314007e-06,9.4228032e-06,1.4462855e-05,0.00080085993
20171113-061405-1.jpg,6,6,4.0643149e-05,0.0021834519,1.5642673e-05,6.6066252e-06,9.145321e-06,5.5940874e-06,0.99727359,0.00023748233,0.00022784348
20170627-103733-0.jpg,0,0,0.98726166,3.1112325e-05,0.0001550364,7.5655195e-06,1.3304377e-05,0.0043127941,5.5382308e-06,0.0023690346,0.0058439589
20180112-071644-2.jpg,8,8,0.00059089391,0.0017942032,7.3699661e-05,0.00027032634,0.00013385985,4.7122849e-05,0.00012770994,0.0042319082,0.99273028
20171109-091242-2.jpg,5,8,0.0014197218,0.048955476,3.4337787e-05,9.8235229e-05,7.5792531e-05,0.17116252,0.0044126372,0.0014560836,0.7723852
20171220-101811-2.jpg,8,8,0.0013563168,9.5553664e-05,2.7302222e-06,1.2039969e-05,2.9063129e-06,0.0005844655,0.0001411333,0.00015016821,0.99765469
20180105-094917-3.jpg,8,8,2.7699775e-05,6.0779891e-05,0.00060875267,6.258083e-05,0.00037451971,8.7694352e-06,0.00049992376,5.8723502e-05,0.99829825
20180109-091017-2.jpg,8,8,0.00012941962,0.00020879771,3.6005178e-05,0.00037553109,2.8315889e-05,0.00014629787,5.0480004e-05,0.001334265,0.99769089
20171113-175713-0.jpg,6,6,6.5628642e-06,0.00031802956,6.0655496e-06,5.5709093e-06,5.6506953e-06,2.0097e-06,0.99960872,4.3279139e-05,4.1142939e-06
20171220-093619-2.jpg,8,8,0.003552963,0.0017913467,6.1542207e-05,0.00035653006,3.1568715e-05,0.013709522,0.00010575572,0.00050339992,0.97988737
20171205-141044-2.jpg,8,8,7.6701293e-05,3.9500242e-05,1.3610533e-06,1.1521318e-05,2.9855705e-06,0.002028164,3.6950787e-05,1.5285905e-05,0.99778753
20171109-072340-3.jpg,5,5,0.00019647995,2.1630741e-05,6.4399292e-05,8.4328752e-05,8.3951703e-05,0.99897292,0.0001457179,0.00015516817,0.00027539885
20170913-105113-1.jpg,3,3,9.6469862e-05,0.00013427323,6.6913719e-06,0.99913593,7.8815867e-05,0.00031203304,1.4235311e-05,7.5303533e-06,0.00021401621
20171218-111251-3.jpg,8,8,0.00081444733,0.0013358076,9.9931447e-05,0.00016293159,3.3809606e-05,0.00098453618,3.5540824e-05,0.00038214616,0.99615085
20180125-135436-3.jpg,8,8,2.1479697e-06,0.00022381803,3.1318234e-06,9.8230204e-06,3.133389e-05,2.6619812e-06,1.5996782e-05,2.4653951e-05,0.99968643
20171109-093036-3.jpg,5,5,0.00022336549,2.3605709e-05,8.4119936e-05,2.488121e-05,3.864214e-05,0.99925198,3.0310092e-05,0.00016172503,0.00016136829
20170315-085005-0.jpg,8,8,0.0012273091,0.0028807199,6.414133e-06,0.00038091094,1.3196305e-05,3.1162126e-05,0.00010355846,0.019713581,0.97564315
20170714-170608-1.jpg,1,1,3.4254798e-05,0.99984312,2.5256757e-06,1.2368431e-06,6.2040869e-06,1.0525364e-06,1.8161518e-06,9.7004953e-05,1.2781523e-05
20171220-100441-1.jpg,8,8,4.8077342e-06,1.134143e-05,1.3695068e-06,4.1745247e-06,1.8226304e-06,5.4604939e-05,6.7224296e-06,1.5877058e-05,0.99989928
20170920-132642-2.jpg,2,2,1.7764916e-06,4.3378224e-06,0.99994059,1.3332522e-05,1.4880375e-05,4.4369277e-06,1.891384e-06,2.4211869e-06,1.6329975e-05
20170727-170453-1.jpg,4,4,4.3135034e-05,1.0971893e-05,9.0509746e-06,2.2377183e-06,0.99952924,2.16173e-06,3.1451841e-06,1.0930625e-05,0.00038913137
20180322-120327-2.jpg,8,8,1.1656244e-06,1.0087946e-05,1.1594382e-06,1.6527597e-06,2.2507325e-06,1.0997224e-05,4.8769668e-06,6.6545972e-06,0.99996115
20180125-092039-1.jpg,8,8,4.3440985e-07,5.7986651e-05,6.5319149e-07,5.618347e-07,2.4375466e-06,1.0087697e-05,6.3864792e-06,8.3992442e-06,0.99991305
20180125-101142-2.jpg,8,8,4.8436269e-05,2.1130978e-05,2.64086e-06,1.2114161e-05,6.2104129e-06,6.0064393e-06,0.0001040219,3.5511685e-05,0.99976393
20180125-123225-2.jpg,8,8,1.6882936e-06,1.318529e-05,4.0282842e-06,5.1546114e-07,4.0736562e-06,4.6679808e-06,2.2974507e-05,4.7514913e-05,0.99990135
20171113-142826-3.jpg,6,6,1.4704962e-05,3.9171321e-05,4.4739698e-06,1.6431145e-05,7.0551205e-06,3.896769e-06,0.99962846,0.00019693776,8.8873671e-05
20170610-122744-0.jpg,1,1,0.005944607,0.98852061,2.3673069e-05,0.00018896563,0.00095508238,2.1061745e-05,0.00056939836,0.0013175832,0.0024590157
20170906-104140-1.jpg,3,3,0.0015114181,0.00030628124,5.3362524e-05,0.99697723,4.9736992e-05,0.0005037937,2.6852456e-05,0.00011164531,0.00045968329
20171121-091140-3.jpg,6,6,1.4282054e-05,0.00036025746,5.9683928e-06,4.2777259e-06,1.2116679e-05,4.5233213e-06,0.99938942,8.775876e-05,0.00012140015
20180109-071653-1.jpg,8,8,1.2313125e-05,1.8670867e-05,1.7520587e-06,4.6630003e-06,4.3047361e-05,8.7041796e-06,0.00064332326,9.0718029e-05,0.99917681
20170210-134009-0.jpg,0,0,0.98795001,0.00016577596,7.8437161e-05,1.8949481e-05,7.0170848e-06,0.00011658511,2.0943353e-05,0.011081489,0.0005607919
20180112-094246-1.jpg,8,8,1.1216734e-05,6.7083959e-05,3.6059313e-06,4.1322394e-06,2.6881208e-05,5.0780622e-06,4.8444648e-05,7.4533198e-05,0.99975902
20171025-091428-2.jpg,3,3,0.010948917,0.0015857793,0.01572821,0.7631305,0.070008531,0.0030923631,0.00029431496,0.00069885538,0.13451253
20170920-163055-3.jpg,2,2,1.3706367e-06,1.2908946e-06,0.99997924,5.0848997e-06,5.771109e-06,1.0920388e-06,4.5852091e-07,1.2092329e-06,4.4822841e-06
20180322-112607-2.jpg,8,8,1.2435679e-06,1.830164e-05,1.4374326e-06,7.240665e-07,3.5585222e-06,4.7652601e-06,2.8360441e-06,1.1615653e-05,0.99995552
20170715-125535-1.jpg,1,1,0.00014094346,0.99978162,4.9877197e-06,1.8280043e-06,1.1495038e-05,1.8802828e-06,2.6965984e-06,3.521282e-05,1.9333003e-05
20170217-100120-0.jpg,7,7,0.0012835436,6.8376885e-06,5.8084027e-05,1.7620572e-06,1.4628328e-06,5.7300408e-05,6.9268429e-06,0.9985773,6.7777221e-06
20171218-103327-3.jpg,8,8,5.4916184e-06,2.3897666e-05,2.191075e-05,1.9956609e-07,1.220883e-06,2.2203052e-06,3.9114291e-06,3.2803382e-05,0.99990834
20180109-091805-2.jpg,8,8,5.7417804e-05,5.6488625e-05,0.00022953394,0.000128719,8.7876321e-05,1.6988675e-05,9.6032396e-05,8.5720159e-05,0.99924122
20171122-101138-1.jpg,5,5,0.00012504206,1.5822438e-05,6.5222831e-05,9.1456221e-06,2.4220482e-05,0.99948165,6.5527098e-05,0.00019777962,1.5585986e-05
20170727-165114-1.jpg,4,4,4.5065492e-05,2.7243087e-05,1.2556286e-05,4.5982128e-05,0.99713422,1.8766884e-06,7.3089523e-06,2.9166972e-05,0.0026965781
20170727-165953-1.jpg,4,4,6.5375112e-06,7.8878044e-06,9.7127334e-06,1.9769451e-05,0.99945388,2.0863771e-06,7.3577557e-06,9.525069e-06,0.00048323988
20180125-133857-3.jpg,8,8,0.00032225146,0.00086507053,7.3233679e-05,1.9153317e-05,0.00014935444,5.3930775e-05,0.0068708183,0.0039498604,0.98769633
20170714-140705-1.jpg,1,1,1.7230411e-05,0.99818354,1.5442534e-06,1.0817965e-06,2.0959838e-06,2.0590089e-06,5.581404e-05,0.00018562567,0.0015510084
20180109-075835-2.jpg,8,8,0.00027589157,0.0013015279,0.00067949927,0.00070183998,0.0025137044,0.00019436972,0.0038957394,0.17047929,0.81995814
20171025-095034-3.jpg,3,3,0.0032176669,0.00044400811,0.0016049187,0.9429456,0.01249761,0.00083620533,0.00010725991,0.00029523201,0.0380515
20171113-133500-1.jpg,6,6,2.7452235e-06,2.4199142e-05,1.6629501e-06,4.4142083e-06,1.434302e-06,3.1195313e-06,0.99990214,3.26908e-05,2.7595268e-05
20171218-121726-3.jpg,8,8,7.419998e-05,8.6096706e-06,1.2110917e-06,2.2462898e-05,7.1485158e-06,2.9581568e-05,0.00014012028,3.3857809e-05,0.99968281
20171218-104614-3.jpg,8,8,0.00017094633,0.00072550946,1.0066048e-05,6.6673188e-05,9.0208778e-06,0.0024744224,0.00035221515,0.00030402695,0.99588712
20180109-090406-2.jpg,8,8,9.6548715e-05,3.9022996e-06,1.1713989e-05,5.3559533e-06,2.1610092e-05,3.1956023e-05,1.0851145e-05,5.623273e-05,0.99976183
20170913-101025-1.jpg,3,3,0.00073315434,0.00013028612,0.00029980082,0.99710013,0.0010095047,0.00051618049,2.8008344e-05,0.00010281156,8.0121827e-05
20180109-085320-1.jpg,8,8,8.1862076e-06,0.00024888895,2.5444324e-06,2.5038079e-05,3.4276564e-06,0.00014547492,0.00022230398,3.6817034e-05,0.99930732
20180322-130336-1.jpg,8,8,2.0856799e-06,0.00026199833,2.3696191e-06,1.9094399e-06,1.0659661e-05,2.4253309e-05,3.6824205e-06,1.2288528e-05,0.99968075
20171108-123917-3.jpg,5,5,0.014083968,0.0031424428,7.9213526e-05,3.4747736e-05,9.5572309e-05,0.9789879,7.299898e-05,0.00096190521,0.0025412551
20171212-092815-1.jpg,8,8,4.4920605e-05,5.627037e-05,9.6433177e-06,3.0798773e-06,4.6953807e-06,9.7331815e-05,3.180105e-06,2.0406409e-05,0.99976047
20180112-083002-1.jpg,8,8,1.3930866e-05,2.5229265e-05,4.5325939e-06,2.1956692e-05,5.6751371e-06,2.2164184e-05,4.1989923e-05,0.00020081619,0.99966371
20171220-083345-3.jpg,8,8,0.00018587479,2.9788499e-05,2.5006545e-06,2.4400798e-05,1.2219864e-05,0.0007081158,2.157131e-05,5.0456192e-05,0.99896507
20171219-105039-3.jpg,8,8,6.1997157e-05,2.2714786e-05,1.9896157e-06,1.213023e-05,5.7740773e-06,8.0574259e-05,7.3372611e-06,0.00012785978,0.99967962
20171113-133118-3.jpg,6,6,2.2804872e-05,9.6940004e-05,7.6245711e-06,1.6935443e-05,1.0986001e-05,4.4736173e-06,0.9994643,0.00030025305,7.5687092e-05
20170727-155330-1.jpg,4,4,0.00020925488,0.00016640738,0.0040369059,0.00013129955,0.98060354,3.627646e-05,4.2322099e-05,0.00013388748,0.014640111
20171113-143335-3.jpg,6,6,1.4993889e-05,8.1121426e-05,4.1317787e-06,5.0463224e-06,5.1088988e-06,3.8604982e-06,0.99972571,0.00015529985,4.723577e-06
20180322-133525-1.jpg,8,8,4.3814666e-06,4.2626948e-05,4.1687402e-06,6.5196484e-06,4.7969971e-06,1.1567495e-05,2.0006263e-06,7.4096382e-06,0.99991653
20170704-154226-0.jpg,8,8,0.0048173479,0.0081537313,0.032549795,0.00082344674,0.0018815443,0.00069123229,0.0004379903,0.30103668,0.64960823
20180105-103614-2.jpg,8,8,8.0496533e-05,0.00016419766,0.00012406731,0.00038034255,0.00073852283,4.6731418e-05,0.0017239367,0.0001576081,0.9965841
20171205-133832-2.jpg,8,8,0.00066368063,0.00010217528,5.0753567e-06,1.2639907e-05,5.5631529e-06,0.00022996732,7.0232714e-06,0.00024395633,0.99872992
20170727-115818-3.jpg,4,4,8.173248e-06,2.0333344e-05,0.0045333931,9.9808129e-06,0.99428746,9.1405352e-06,1.3870258e-05,9.9513243e-06,0.0011076927
20180322-120027-2.jpg,8,8,1.9985988e-06,1.0915827e-05,3.0903693e-07,6.1590693e-07,5.2900169e-07,1.3667278e-05,6.0696905e-06,1.3044336e-05,0.99995285
20180112-082052-1.jpg,8,8,0.00024203152,4.8892783e-05,1.3397347e-05,3.4741112e-05,1.2018863e-05,2.2814721e-05,0.00011581938,0.0023488503,0.99716143
20170906-134121-1.jpg,3,3,0.0041600509,0.0010248881,0.013668413,0.9706695,0.0031868358,0.0017185303,0.00020388266,0.0036622647,0.0017056337
20180112-081620-1.jpg,8,8,1.0255516e-05,2.861385e-05,2.5099778e-06,2.5235353e-05,6.7665597e-06,7.941671e-06,1.8010068e-05,0.00018539327,0.99971527
20170217-101309-0.jpg,0,0,0.99946782,6.7753272e-06,3.3617991e-05,4.4886228e-06,4.4715644e-06,4.1936299e-05,3.3566562e-06,0.00036643321,7.1102954e-05
20171212-105238-3.jpg,8,8,5.8486534e-05,0.00062037825,1.0132532e-05,4.0217728e-06,1.865958e-05,1.948599e-05,5.698652e-05,3.3356468e-05,0.99917849
20180109-070134-2.jpg,8,8,3.7253927e-05,7.8436374e-05,0.00048305564,0.00013299121,0.00022038692,1.0365005e-05,0.00028746887,0.00020512907,0.99854491
20171109-091542-3.jpg,5,5,6.474088e-05,8.5474836e-06,3.438789e-05,5.6429976e-06,1.2163781e-05,0.99978569,1.3814819e-05,3.2798853e-05,4.2211966e-05
20170714-141955-3.jpg,1,1,4.4903983e-05,0.99987371,3.2204161e-06,1.5148688e-06,8.0652657e-06,9.529017e-07,2.9897177e-06,6.059988e-05,4.0425837e-06
20170217-120349-0.jpg,0,0,0.99984123,7.6101888e-07,8.2246134e-06,2.8753599e-07,7.4797927e-07,1.2994744e-05,1.3187505e-06,0.00012420225,1.0235016e-05
20171109-072905-3.jpg,5,5,0.0011450676,0.00013984164,0.00024313881,0.00025572971,0.00021271431,0.98991786,0.00091758607,0.0039530156,0.0032150485
20170404-153733-0.jpg,7,7,0.0002169576,7.1367597e-05,3.2436276e-05,1.6725926e-06,1.5607723e-06,5.8012538e-06,1.2854071e-05,0.99964536,1.1994494e-05
20171203-173549-3.jpg,8,8,0.00048469626,0.0027540567,6.8033767e-06,0.0010496817,1.1734905e-05,0.00021480245,0.0002954582,0.00060542123,0.99457735
20180109-095534-1.jpg,8,8,5.1345186e-05,4.3032275e-05,2.312957e-05,4.5203919e-05,3.1131593e-05,2.1583165e-05,6.8228097e-05,0.00072478328,0.99899156
20180109-074021-2.jpg,8,8,0.00045711155,0.0041030226,5.4549092e-05,0.00015118367,0.00021566213,8.483433e-05,0.0017431106,0.00052286987,0.99266766
20180109-091218-2.jpg,8,8,0.00032952977,0.00076993494,2.8122939e-05,0.0015509256,3.0834265e-05,0.00022549557,0.000161827,0.0015880366,0.99531529
20180112-081026-2.jpg,8,8,0.00062938821,0.00083067416,0.00024792944,0.0046876595,0.00044113172,6.3460242e-05,0.00022970998,0.00358855,0.9892815
20171220-091833-2.jpg,8,8,3.8041542e-05,3.8783168e-05,2.7580792e-06,1.6273956e-06,1.6655204e-05,0.00011496431,2.3401181e-05,1.0762257e-05,0.99975301
20170727-135349-1.jpg,4,4,9.7880979e-06,9.2522392e-06,3.952907e-06,9.2734431e-06,0.99887813,9.4098202e-07,1.9037053e-06,3.523664e-06,0.0010832311
20171109-071926-1.jpg,5,5,0.00047657292,8.6261969e-05,7.1986012e-05,1.8987877e-05,7.1030638e-05,0.9990735,5.5150216e-05,8.2477657e-05,6.4035386e-05
20170920-113512-2.jpg,2,2,4.0749038e-07,6.7796401e-07,0.99998033,1.1963416e-06,1.0667415e-05,1.3052239e-06,5.7918758e-07,6.2407141e-07,4.2133808e-06
20171220-093220-3.jpg,8,8,0.00036006343,2.9428006e-05,9.8463912e-07,1.721083e-05,1.4618055e-06,0.00014731335,1.0649162e-05,2.2827322e-05,0.99941006
20171218-110513-2.jpg,8,8,7.263295e-05,2.3373202e-05,9.168751e-07,3.4157427e-06,6.5673357e-07,6.4693326e-05,7.9304883e-06,6.9024411e-05,0.99975736
20170728-124147-3.jpg,4,4,0.0022078195,5.4227878e-05,2.354819e-05,1.4703354e-05,0.98839922,1.425004e-05,2.532093e-05,4.2208501e-05,0.0092187052
20170920-113424-3.jpg,2,2,5.1596962e-07,3.8808854e-07,0.99997028,4.3812591e-06,1.1371197e-05,1.1757156e-06,9.5333669e-07,1.1667461e-06,9.7634285e-06
20171109-194758-1.jpg,5,5,8.1885529e-05,2.5222512e-05,2.5515655e-05,5.4187148e-06,7.7473428e-06,0.99979537,9.7382925e-06,2.1703831e-05,2.7399125e-05
20170727-163144-1.jpg,4,4,8.6750664e-06,8.4113354e-06,7.2978055e-06,9.46649e-06,0.99900213,1.5870357e-06,6.0579186e-06,1.2456647e-05,0.00094391617
20180105-094850-3.jpg,8,8,1.9792181e-05,8.8604043e-06,4.5173752e-06,4.6897819e-06,1.1907748e-05,6.402888e-06,0.00099570621,0.00024804238,0.99870008
20180105-092256-3.jpg,8,8,1.0475005e-05,1.4291774e-05,4.8635722e-06,8.6871947e-06,3.2451831e-05,6.1296743e-06,0.0005761667,0.00019346509,0.99915347
20170811-155131-2.jpg,0,0,0.99995495,2.4383167e-06,4.4819661e-06,2.4083289e-07,2.6892001e-06,8.7377463e-06,2.1086233e-06,1.9018103e-05,5.3304165e-06
20180125-091540-2.jpg,8,8,9.0675561e-06,8.5842074e-06,4.5763357e-06,1.6367305e-06,2.412249e-05,1.2841349e-05,6.0448554e-05,2.722104e-05,0.9998515
20170714-113721-2.jpg,1,1,0.00019676468,0.99935477,6.3629544e-06,2.0169857e-06,4.2666562e-05,2.2230775e-06,7.5433983e-05,7.1442615e-05,0.00024831613
20180112-102905-1.jpg,8,8,2.1819065e-05,4.4759742e-06,4.3080499e-06,1.4021543e-06,1.9054859e-06,8.428002e-06,3.7761396e-05,5.2137033e-05,0.99986776
20171109-090628-2.jpg,5,5,0.00028031549,8.4104981e-05,0.00012075677,1.6520298e-05,8.6581649e-05,0.99902878,0.00023249094,0.0001089198,4.1527403e-05
20170217-104135-0.jpg,0,0,0.9792283,9.0192264e-05,0.00036083302,5.0228916e-05,6.6765185e-05,0.0029832626,0.00011503806,0.004994637,0.012110739
20171113-144236-2.jpg,6,6,7.9091042e-06,6.0305781e-05,5.0164828e-06,7.6389238e-06,4.3917159e-06,2.1327363e-06,0.99982425,5.9738803e-05,2.8613725e-05
20170630-155611-0.jpg,7,7,0.00030827901,4.1226347e-05,2.2320085e-05,3.2938921e-06,1.3824913e-06,4.2085112e-05,1.1273113e-05,0.99956641,3.7286068e-06
20180109-103907-2.jpg,8,8,3.4154833e-05,8.7750212e-05,0.00091546089,0.00012317293,0.00043835263,1.5818987e-05,2.2409147e-05,0.00039900784,0.99796387
20171109-175424-2.jpg,5,1,0.0021803752,0.96752164,0.00021611222,0.000102784,0.00013967854,0.0039745838,0.013566316,0.0098993898,0.002399124
20170718-132014-2.jpg,7,7,0.00045300034,4.6244665e-05,1.2149151e-05,6.3474375e-06,3.6352919e-06,4.8886037e-06,6.3847254e-06,0.99934518,0.00012217059
20171109-085248-2.jpg,5,5,0.0021924327,0.00017008898,8.4058153e-06,0.00010171433,7.6261825e-06,0.98766145,2.3111415e-05,4.0927132e-05,0.0097942409
20171219-110229-2.jpg,8,8,0.0013315221,0.00027403839,2.34733e-06,7.3404144e-05,1.0011805e-06,0.00019040483,2.5447092e-06,7.3232233e-05,0.99805151
20180322-105156-1.jpg,8,8,3.9246241e-05,7.3047841e-05,8.5718226e-06,1.3789821e-05,1.8068754e-05,0.00011955947,3.6886252e-06,0.00047338613,0.99925064
20171025-081611-2.jpg,3,3,0.0023469368,0.00015634206,5.9903018e-05,0.99085871,0.00022260195,0.00033727901,1.6177334e-05,0.00087152696,0.0051305251
20171025-075925-1.jpg,3,3,0.00073291568,5.5272522e-05,4.5844631e-05,0.99744283,0.00016882397,0.00032151395,2.9666997e-05,0.00010665962,0.0010964742
20170410-124438-0.jpg,0,0,0.99989806,1.6025157e-06,1.164887e-05,8.2140702e-07,2.628515e-06,1.208075e-05,1.0101251e-06,6.5537835e-05,6.6088213e-06
20171025-074215-3.jpg,3,3,0.00068968648,0.00012212697,9.1454961e-06,0.99789154,0.00016300398,0.00051311731,9.5664088e-06,3.9987927e-05,0.00056182374
20180109-075438-2.jpg,8,8,3.1772398e-05,2.6795251e-05,0.00017762465,2.5551295e-05,4.69955e-05,2.4465449e-05,0.0015767596,0.00079733308,0.9972927
20170920-134406-2.jpg,2,2,1.3689321e-06,2.0722086e-06,0.99995167,1.1091088e-05,1.2995253e-05,1.9472881e-06,7.7730954e-07,3.2851045e-06,1.4793456e-05
20180322-112907-1.jpg,8,8,6.9420393e-06,3.6647027e-05,3.9564347e-05,1.9807351e-06,7.1063838e-06,3.9803053e-05,3.1354955e-06,9.7140919e-06,0.99985511
20180322-130759-1.jpg,8,8,3.6754683e-06,1.5348016e-05,1.0764228e-06,2.553671e-06,9.3245358e-06,6.3122371e-06,1.6311547e-06,9.1399025e-06,0.99995094
20170913-103551-1.jpg,3,3,2.6516879e-05,2.387286e-05,1.896156e-06,0.99905573,0.0001389229,2.9925038e-05,5.4354891e-06,2.063499e-06,0.00071563398
20171121-072546-1.jpg,6,6,2.7274307e-05,0.00067160677,3.4001792e-06,6.9242258e-06,9.1159806e-06,8.3010585e-06,0.99806477,3.0922754e-05,0.0011776813
20170217-102546-0.jpg,0,0,0.99978407,2.7960026e-06,1.1319438e-05,5.1934042e-07,9.9857891e-07,8.0307929e-06,9.3182871e-07,0.00018530377,6.0292117e-06
20171025-092626-2.jpg,3,3,0.0021443851,0.00014746115,0.00041011627,0.99428784,0.00035366654,0.0011247621,2.7977845e-05,0.00038854028,0.0011152524
20171219-100808-2.jpg,8,8,4.1306155e-05,0.00025239077,7.3970049e-07,1.5159163e-05,7.5292483e-07,5.7050297e-06,2.083281e-06,5.4724859e-05,0.99962714
20170913-125708-3.jpg,5,5,0.0054002772,0.0013589379,0.00060267397,0.00029825876,0.0010248017,0.98728261,6.0969139e-05,0.00050947715,0.0034619928
20171219-112256-3.jpg,8,8,0.00014744087,0.00020549075,0.0012656516,8.412201e-05,0.0054033499,1.8028232e-05,0.00023011267,0.0002017232,0.99244408
20170920-113554-3.jpg,2,2,4.8840742e-07,5.8678689e-07,0.99998973,1.0289636e-06,3.3995324e-06,5.4713863e-07,3.2750149e-07,1.1131913e-06,2.7763076e-06
20170128-103951-0.jpg,8,8,0.00025637113,0.0001947846,1.6420434e-05,0.0010098766,8.0733297e-06,9.8775988e-06,9.3065077e-06,0.001284068,0.99721122
20171102-093704-3.jpg,4,4,0.019588388,0.00480336,0.0085703036,0.00080268097,0.80963167,4.4319329e-05,7.6673605e-05,5.148726e-05,0.15643112
20170811-115202-1.jpg,0,0,0.99994274,5.1804634e-06,1.6714071e-06,3.1168455e-07,9.6969286e-07,3.9673106e-06,4.9994659e-07,4.1132586e-05,3.5275295e-06
20170727-144130-1.jpg,4,4,0.00015823905,4.1861251e-05,0.00050959242,9.4049243e-05,0.94920159,0.00014309206,0.00015384704,0.00012818893,0.049569537
20180112-074852-2.jpg,8,8,0.0034925168,0.0041465604,0.018875122,0.00070049223,0.067890988,0.0041276648,0.00049884222,0.00046005505,0.89980776
20180105-095705-2.jpg,8,8,0.0001724346,2.9238956e-05,4.5604183e-05,2.9063775e-05,0.00014735659,0.00012706544,0.0071411251,0.0010749844,0.99123313
20170727-143900-3.jpg,4,4,1.9957909e-05,9.7056711e-06,0.00016528611,5.7851001e-05,0.99518867,1.1848715e-05,1.6476409e-05,1.5749745e-05,0.0045144592
20180105-092814-2.jpg,8,8,5.4217494e-06,0.00014803524,3.8700661e-05,1.1143032e-05,6.7226279e-05,2.527306e-05,0.038211118,0.00026077604,0.96123231
20170913-125052-3.jpg,5,5,8.4664e-05,5.2886473e-06,2.1911805e-05,2.9636767e-05,1.7877629e-05,0.99974278,2.2225287e-06,8.7562377e-05,8.0523164e-06
20180112-091123-2.jpg,8,8,0.00024397785,7.3238143e-05,0.00010877309,5.2394637e-05,0.00019599519,0.00034252968,4.6436936e-05,0.00045154476,0.99848511
20180119-115419-1.jpg,8,8,0.00013147037,8.9616142e-05,2.6661476e-05,1.3141993e-05,5.0669295e-06,8.476409e-06,0.00029582393,0.00088801036,0.99854173
20180112-075941-2.jpg,8,8,0.0025110307,0.00058523452,0.00019967693,0.00013352159,0.00011647249,0.00010653616,0.00012032924,0.036881341,0.95934586
20170714-141510-3.jpg,1,1,4.6458043e-05,0.99982905,8.5977774e-07,6.6125678e-07,3.3783738e-06,5.9190916e-07,9.1749093e-06,0.00010860934,1.2130422e-06
20180119-110943-1.jpg,8,8,0.00020014003,0.013820077,2.5877205e-05,2.1696992e-05,3.6518583e-05,3.3007784e-05,0.0029513831,0.00070907243,0.98220223
20171109-085627-2.jpg,5,5,0.00044526108,0.0011271309,2.2160659e-05,0.00010119648,2.2037457e-05,0.92224548,0.00010653104,7.1037099e-05,0.07585917
20171201-115856-1.jpg,8,8,2.5002276e-05,6.1247344e-05,5.3082919e-06,2.083647e-05,4.7537403e-06,0.0013237835,5.5033187e-05,3.0477219e-05,0.99847356
20170217-095711-0.jpg,7,7,0.00098821901,1.4538613e-05,3.3782781e-05,2.4088851e-06,2.5386939e-06,2.9353275e-05,6.5522473e-05,0.99884854,1.5100463e-05
20180105-094335-3.jpg,8,8,1.1628284e-05,5.6209779e-05,5.7903047e-05,6.7648062e-05,4.2089543e-05,6.0035619e-06,0.00083562668,6.0570001e-05,0.99886232
20170728-124629-3.jpg,4,4,0.0001285499,2.9255935e-05,1.3688058e-05,2.8037738e-06,0.99851279,1.5596171e-06,4.8591658e-06,1.8539607e-06,0.0013046389
20171113-123943-3.jpg,6,6,1.9374874e-05,0.000741664,4.5955408e-05,9.1504778e-06,2.9592189e-05,1.4531228e-05,0.99864592,0.00011338405,0.00038042727
20171025-081108-3.jpg,3,3,0.0036637731,0.00080379359,5.43162e-05,0.98902148,0.00056059639,0.00021617187,7.26641e-05,0.0018393091,0.0037678967
20180125-131604-3.jpg,8,8,0.00045023341,0.0042299722,1.7628324e-05,1.1002371e-05,4.4255002e-05,2.9783259e-05,4.1054776e-05,0.0028783475,0.99229772
20170714-150337-1.jpg,1,1,1.739489e-05,0.99739708,5.0001538e-06,5.7419807e-06,1.5184458e-05,2.1023369e-06,0.00011894686,5.6085786e-05,0.0023824682
20170715-125342-1.jpg,1,1,1.555029e-05,0.99994102,1.8458658e-06,1.0130135e-06,5.2513919e-06,2.1208396e-06,2.8784239e-06,1.9457771e-05,1.0863826e-05
20170727-170748-3.jpg,4,4,0.00014014223,9.6966311e-05,0.005632593,0.0086027614,0.97151396,1.5453572e-05,0.00016719014,0.0001741753,0.013656761
20171102-120842-2.jpg,2,2,5.9318547e-07,8.634457e-07,0.9999646,8.2403031e-07,2.5992702e-05,3.1487333e-06,1.0406131e-06,6.8272716e-07,2.2521134e-06
20180112-083254-1.jpg,8,8,1.9100015e-05,6.0669355e-05,1.2106623e-05,2.4529222e-05,1.0411547e-05,2.4460205e-05,9.8060335e-05,0.00063898643,0.99911168
20170714-141443-3.jpg,1,1,1.7454889e-06,0.9999827,4.440193e-08,1.5651804e-07,1.1486296e-06,4.780834e-08,2.7885139e-07,9.6396069e-06,4.2375728e-06
20180105-091702-2.jpg,8,8,8.466876e-06,7.1474361e-06,4.7556849e-06,1.8358874e-05,1.2916732e-05,1.6876091e-05,0.00081030686,0.00013728512,0.99898389
20170129-103822-0.jpg,8,8,0.0012296081,0.003655916,3.8354004e-05,0.0018837928,0.00011432436,0.0016874821,0.00023023725,0.00026847951,0.99089181
20170920-132003-2.jpg,2,2,2.3392174e-05,2.2758395e-05,0.99953949,6.1977496e-05,3.6900586e-05,0.00025900149,1.5265538e-06,1.9024549e-05,3.5927871e-05
20180322-112013-2.jpg,8,8,1.3779954e-06,1.4823638e-05,2.0696731e-06,1.2627149e-06,2.7370003e-06,1.667058e-05,4.987985e-06,5.843777e-06,0.99995023
20180125-132919-3.jpg,8,8,0.0050009527,0.001026022,8.9414587e-05,3.5178239e-05,0.00079494894,1.8048508e-05,4.2412018e-05,0.00063879499,0.99235423
20180119-105217-2.jpg,8,8,0.00040726259,0.0038371644,0.00015971587,9.4836358e-06,0.00041326902,8.3329034e-06,0.00019567775,0.00045643601,0.99451266
20171212-103650-3.jpg,8,8,0.018041137,0.027797416,0.00019849106,7.0415223e-05,0.00075503966,0.0015586118,0.28006053,0.0047345797,0.66678378
20180109-072236-2.jpg,8,8,0.00055742224,0.0001556134,0.00057417395,7.6602181e-05,0.00028995943,8.6431855e-05,0.0047641562,0.0024801105,0.99101553
20171220-094919-2.jpg,8,8,0.0005412213,0.00017053445,3.217888e-06,2.814095e-05,1.1707507e-06,1.8328085e-05,0.00060282627,0.003710542,0.99492402
20170630-151310-0.jpg,7,7,0.048929277,0.036427051,0.0030847124,0.0016434525,0.00088766686,0.001342494,0.0052734364,0.88211147,0.020300441
20170128-103914-0.jpg,8,8,3.3955203e-05,0.00048791805,1.5581637e-05,4.2249683e-05,2.0789162e-05,1.2805994e-05,2.1209334e-05,0.00021179288,0.9991537
20180125-134115-2.jpg,8,8,5.0114114e-05,8.3244798e-05,2.069938e-05,6.7803134e-06,1.9139961e-05,0.00010678513,5.4068767e-05,0.00020104071,0.99945813
20180125-093121-1.jpg,8,8,4.4983522e-07,1.5231099e-05,4.8527808e-07,5.5460994e-07,7.1744828e-06,3.2051016e-06,7.6860877e-06,8.2085252e-06,0.999957
20180109-104222-1.jpg,8,8,3.1102976e-06,2.1969219e-05,2.5200428e-05,2.3269401e-06,4.274924e-05,4.4302628e-06,2.9071243e-05,8.0203591e-05,0.99979094
20180119-115158-1.jpg,8,8,6.9433564e-05,0.00042401733,4.5258697e-05,2.5273857e-05,2.4177772e-05,1.4949817e-05,0.0019951777,0.00039959377,0.99700212
20171121-082329-2.jpg,6,6,3.4623099e-05,0.0035819154,7.8919752e-06,1.6794256e-05,1.3754184e-05,8.7674672e-06,0.99495133,0.0011341456,0.00025077976
20180109-071148-2.jpg,8,8,0.00019561956,0.00025516316,0.00074357168,0.00028770601,0.0012216586,7.4214152e-05,0.00036477965,0.00028426687,0.99657302
20180322-113610-2.jpg,8,8,6.4526661e-06,3.8157149e-05,3.9057063e-06,1.898856e-06,5.6244719e-06,1.2215458e-05,3.4814406e-05,2.2511274e-05,0.99987442
20170715-164251-1.jpg,1,1,0.00010222934,0.99975583,6.8696393e-06,2.1856796e-06,1.3398635e-05,2.994671e-06,2.5156052e-05,6.7231844e-05,2.4108593e-05
20170711-120751-0.jpg,0,0,0.99716368,0.00010393234,7.8736255e-05,0.00087500491,2.28532e-05,5.0598992e-05,6.6964571e-06,0.00017832334,0.0015201732
20180112-070035-2.jpg,8,8,0.00097958636,0.0018739693,7.6632278e-05,0.026365669,0.003923251,9.4976651e-05,0.00018600855,0.0026725846,0.96382732
20171212-095947-3.jpg,8,8,1.0366566e-05,1.0584821e-05,3.4758204e-07,3.9446568e-06,4.3263096e-07,6.9480672e-05,7.0945375e-06,1.5221101e-05,0.99988253
20170630-150701-0.jpg,7,7,0.00025319382,0.00013922028,1.5223195e-05,2.4829802e-06,1.2492814e-06,5.2865717e-06,0.0001356729,0.9994094,3.8273069e-05
20171218-112959-3.jpg,8,5,0.039692709,0.21635118,0.00054293319,0.00043156521,0.0003164187,0.38746873,0.0017874953,0.23608747,0.1173215
20171219-113011-3.jpg,8,8,5.4691601e-05,1.0815091e-05,4.2207369e-05,4.1424844e-05,7.0244582e-06,5.0316268e-06,0.00076883322,0.00038674388,0.99868323
20170714-145835-1.jpg,1,1,6.3056356e-06,0.99996804,1.0303385e-06,4.2124966e-07,2.9356484e-06,4.5578282e-07,3.2756235e-06,1.2126669e-05,5.4078111e-06
20180112-103908-2.jpg,8,8,7.7814774e-05,6.3531327e-05,9.464668e-05,2.6033177e-05,3.0670461e-05,0.00013302311,8.2310345e-05,0.00019745874,0.99929451
20171122-101153-1.jpg,5,5,0.00018019021,2.9327037e-05,4.9475884e-05,7.6159024e-06,2.9727516e-05,0.99959694,4.3344707e-05,4.2640818e-05,2.0736446e-05
20171113-121009-2.jpg,6,6,1.2988045e-05,6.420265e-05,7.4695342e-06,3.0442027e-06,6.8506568e-06,4.4742964e-06,0.99971904,0.00014369722,3.8237558e-05
20170630-155234-0.jpg,7,7,0.0059986487,0.0010717296,5.9284854e-05,2.7502928e-05,1.2018685e-05,5.2201524e-05,0.00010409655,0.99178066,0.00089385367
20170729-091120-1.jpg,4,4,1.698865e-05,1.5056697e-05,1.8241233e-05,2.4554722e-05,0.99830454,2.7175776e-06,4.2440122e-06,5.9352595e-06,0.0016077265
20171113-151323-3.jpg,6,6,5.2722482e-06,2.2016017e-05,4.0249362e-06,4.7231059e-06,5.7932145e-06,2.7265999e-06,0.99984902,6.8456847e-05,3.7968126e-05
20170129-102354-0.jpg,8,8,0.038260967,0.17760826,0.00012712394,0.012476496,0.00016116577,0.00042624118,0.00022171414,0.041062888,0.72965514
20180112-100712-2.jpg,8,8,0.00023696453,0.00048481422,0.00025021328,1.21586e-05,0.00018794195,0.00070233901,0.00021025366,0.00047257069,0.99744274
20170714-112945-2.jpg,1,1,5.2414655e-05,0.99979568,4.8099841e-06,1.0018548e-06,5.567055e-06,1.1526357e-06,3.5872361e-05,8.4519708e-05,1.8982552e-05
20171218-121417-2.jpg,8,8,4.426015e-05,0.0011979334,8.5824715e-06,1.3686703e-05,8.2518971e-06,5.6045689e-05,0.00011639722,0.00010754531,0.9984473
20170920-101830-3.jpg,2,2,3.4851517e-06,9.3293843e-06,0.99965325,2.0312754e-05,0.00017225944,6.0548224e-06,1.0581187e-05,7.07454e-06,0.00011765221
20171109-093307-3.jpg,5,5,0.00027882025,4.0878062e-05,2.1563137e-05,2.0393618e-05,2.613179e-05,0.99954303,1.5617157e-05,1.4834245e-05,3.873577e-05
20171212-103436-3.jpg,8,8,2.702466e-05,0.00028986181,2.2053242e-06,1.4696446e-05,2.976066e-06,3.0099578e-05,2.4371521e-05,5.0557606e-05,0.99955821
20171025-092722-1.jpg,3,3,0.00049663795,3.0114479e-05,4.0146047e-05,0.99824078,7.4451607e-05,0.0004256582,2.6117689e-05,9.5259098e-05,0.00057083644
20170217-121630-0.jpg,0,8,0.44678006,0.0060781731,0.046619287,3.510635e-05,0.022486558,0.009654707,0.0026995323,0.004235194,0.46141138
20180112-073129-1.jpg,8,8,2.5223282e-05,0.0014006316,9.2336494e-06,7.5525836e-06,1.4367233e-05,9.2776358e-06,0.00011436763,0.002034858,0.99638449
20180109-074011-2.jpg,8,8,1.3766851e-05,4.0519432e-05,1.0897276e-05,0.00023799521,0.00017633769,7.7214977e-05,0.0005348675,4.9544092e-05,0.99885886
20170728-115909-2.jpg,4,4,5.1069825e-06,5.1453266e-06,3.5127282e-05,4.5306917e-06,0.99968961,3.7077294e-06,1.5681396e-06,1.1778931e-06,0.00025402451
20180109-104628-1.jpg,8,8,4.5472557e-05,2.3967202e-05,2.724494e-05,1.6425812e-05,6.3056805e-05,3.765033e-05,3.6373631e-05,0.00013933077,0.99961048
20180322-133358-1.jpg,8,8,1.3555912e-05,9.2779083e-05,6.9323371e-06,1.9153589e-05,3.4694395e-05,1.1327204e-05,4.6933087e-06,2.9761204e-05,0.9997871
20180125-094451-2.jpg,8,8,2.9057622e-06,0.00011792642,1.0453224e-06,2.2272399e-06,4.6915797e-06,1.8974439e-06,5.5474843e-06,6.1089077e-05,0.99980267
20180112-074526-2.jpg,8,8,0.00071986201,0.00028706243,2.9301693e-05,0.00055299605,2.0050889e-05,7.0127412e-05,9.7325187e-05,0.0019276247,0.99629565
20171113-142730-3.jpg,6,6,6.0065095e-06,1.2512887e-05,5.5614939e-07,5.6678492e-06,2.4775899e-06,1.4818397e-06,0.99965513,5.7032984e-05,0.00025913336
20170129-102342-0.jpg,8,8,0.00034713311,0.0017276494,2.4963934e-05,0.00031251197,0.00013923471,8.5332531e-05,3.7744273e-05,0.000732587,0.99659284
20171113-115546-0.jpg,6,6,1.2830935e-05,8.1318806e-05,1.8188895e-05,2.2667758e-05,1.7270335e-05,5.0611811e-06,0.99965884,0.00016768787,1.6129414e-05
20170129-103005-0.jpg,8,8,2.3227896e-05,0.00020256942,5.9217375e-06,5.2052181e-05,3.7534749e-05,7.4228841e-05,2.3790941e-05,3.6925017e-05,0.99954375
20171219-101900-3.jpg,8,8,0.00029392381,0.00045520743,4.1124165e-06,0.00015446915,4.5067154e-06,0.00027450732,2.4657649e-05,0.00023680312,0.99855181
20170906-112157-1.jpg,3,3,0.016098965,0.00052802468,0.00059535475,0.892437,0.0016562083,7.0993919e-05,9.62052e-05,0.0024881456,0.0860291
20171220-093020-3.jpg,8,8,4.4360905e-05,5.3704238e-05,2.6118882e-07,4.7077324e-05,8.6734234e-07,5.1617917e-05,6.7799563e-06,5.8481509e-05,0.99973685
20180119-115145-1.jpg,8,8,2.1307854e-06,3.9319791e-05,3.3455804e-06,2.4872723e-07,2.7261711e-06,1.0316149e-06,9.804084e-05,2.0728898e-05,0.99983243
20170714-190106-1.jpg,1,1,3.5028687e-05,0.99988415,3.3091393e-06,1.0490254e-06,7.9351363e-06,1.1700121e-06,3.0275331e-06,5.8287776e-05,6.0419397e-06
20171102-122536-1.jpg,2,2,2.9478068e-06,5.1782541e-06,0.99968848,1.5049458e-06,0.00015180324,2.2516954e-06,1.2599744e-06,3.0079073e-06,0.00014356159
20180119-105113-1.jpg,8,8,0.00015854218,0.0030889291,3.8079658e-06,5.054383e-05,1.5767567e-05,0.00011009672,0.00032846916,0.00020488051,0.99603896
20180105-100245-3.jpg,8,8,4.5932198e-05,1.8350465e-05,3.6009457e-05,2.2317872e-05,2.6629954e-05,1.9716123e-05,0.0023189037,0.000457449,0.99705469
20180109-091932-1.jpg,8,8,0.00015723885,0.00016790822,1.5640345e-05,0.00045339063,6.5372895e-05,4.9095497e-05,0.00053427687,0.0010501404,0.99750694
20170707-110305-0.jpg,7,7,0.0089273488,0.00044859213,2.9423063e-05,0.00016277605,3.7886409e-05,2.809231e-05,5.7978118e-06,0.98766675,0.0026933306
20171219-113752-2.jpg,8,8,0.00049938219,0.00019826096,0.019058383,0.00037231551,0.0033066571,0.00010127038,0.0010634234,0.0013660774,0.97403423
20180125-094949-1.jpg,8,8,2.9892293e-06,2.6457479e-05,2.1258776e-06,3.8754063e-06,4.5025601e-06,2.9273699e-06,6.0871026e-05,4.4665853e-05,0.99985159
20171212-103113-3.jpg,8,8,0.058713031,0.001862075,0.00018694955,0.00018252488,0.00011725708,0.00029557123,0.0008328912,0.045189013,0.89262069
20170705-162324-0.jpg,7,7,0.00041524115,8.7032754e-05,1.1411392e-05,1.2759567e-05,2.7133205e-06,4.6594021e-05,2.0936825e-05,0.99901798,0.00038532938
20180112-094300-2.jpg,8,8,0.0096340671,4.179937e-05,5.2730588e-05,0.00043092813,0.00024262822,0.00013096538,9.5067235e-05,0.00088942044,0.98848239
20170920-175053-1.jpg,4,4,0.0015928402,0.0015558913,5.3868775e-05,0.0052994111,0.88450413,7.5590131e-05,0.00026755556,0.0013852572,0.10526546
20171220-095043-2.jpg,8,8,0.00031936259,4.9179695e-05,2.3158916e-05,7.7735662e-05,9.4902734e-06,0.00022791834,9.5183806e-05,0.00065265558,0.99854532
20170920-114127-2.jpg,2,2,3.526433e-06,4.238473e-06,0.99958149,2.5814743e-05,0.00017691017,1.8219976e-06,6.3036631e-06,6.2601264e-06,0.00019363171
20171108-124659-3.jpg,5,5,0.00022342723,1.5090034e-05,4.3325721e-05,2.7551819e-05,3.2799788e-05,0.99922632,4.4854176e-05,0.00018126512,0.00020536245
20180125-095523-1.jpg,8,8,4.1557751e-06,1.3333301e-06,4.7225653e-07,1.8205423e-07,2.8212526e-06,7.5809655e-06,7.3092926e-06,1.4049293e-05,0.9999621
20180109-085716-1.jpg,8,8,3.9624291e-05,0.00018686686,2.3569041e-06,2.3634232e-05,3.6338404e-06,9.8236271e-06,2.7811662e-05,0.00045799991,0.99924825
20180322-113840-2.jpg,8,8,5.825641e-07,1.6587967e-05,6.5379658e-07,1.0355861e-06,2.536679e-06,3.5412083e-06,2.1292753e-06,3.8151117e-06,0.99996912
20170704-154139-0.jpg,0,7,0.0068809092,9.1225095e-05,1.5983238e-05,0.001026131,6.487024e-05,0.0011444567,0.00018519293,0.98662231,0.0039689241
20170727-162222-1.jpg,4,4,0.00016629872,6.1517508e-05,0.00010481537,0.00049241379,0.99236913,1.2223363e-05,5.7156476e-05,0.00035625482,0.00638019
20171113-144143-2.jpg,6,6,6.1125179e-06,4.7493399e-05,2.4041306e-06,3.6830812e-06,3.1517074e-06,2.4172216e-06,0.99990708,1.9078497e-05,8.5757788e-06
20170405-155159-0.jpg,0,0,0.99394218,1.5837273e-05,9.0679776e-05,1.0050293e-05,1.0914946e-05,9.0624507e-05,2.1472698e-05,0.0042669447,0.0015512917
20170705-170108-0.jpg,7,7,0.0013304517,0.0010338929,3.9140346e-05,0.00058311264,1.2126946e-05,1.480541e-05,0.00049989854,0.94470965,0.051776922
20171102-115412-2.jpg,2,0,0.51548139,0.04160898,0.31032739,0.0062051812,0.0017465684,0.0093974982,0.00026456068,0.017418952,0.097549482
20180125-101111-2.jpg,8,8,1.990584e-05,1.5265617e-05,1.472698e-06,1.8500547e-05,5.9581885e-05,1.0081021e-05,8.9423532e-05,3.4079281e-05,0.99975169
20170714-122619-3.jpg,1,1,0.00080782662,0.99862437,2.3606116e-05,3.5704465e-06,3.8771741e-05,9.1960801e-06,3.2225109e-05,0.00017107298,0.00028935898
20180125-125955-2.jpg,8,8,1.7902844e-06,1.31338e-05,6.9095611e-07,3.4728449e-07,2.7550626e-06,3.8174991e-06,1.2723764e-05,2.3194286e-05,0.99994155
20171113-133039-1.jpg,6,6,9.3629473e-06,8.3558268e-05,5.131753e-06,3.3894613e-06,5.248212e-06,2.261773e-06,0.9998324,5.0128531e-05,8.521438e-06
20180125-131201-2.jpg,8,8,0.0012254195,0.0048888763,0.00013582669,1.1945521e-05,1.7644899e-05,8.2680741e-05,0.00031167352,0.0045045419,0.98882139
20161207-110822-0.jpg,0,0,0.99975161,1.5628839e-06,4.8289156e-05,1.4396032e-06,2.3486915e-06,4.501714e-05,2.7408159e-06,0.00012640384,2.0589353e-05
20171102-103932-1.jpg,2,2,4.5304133e-05,5.0563332e-05,0.99968193,1.2748581e-05,8.8178581e-05,5.3354651e-05,1.6100104e-06,2.1474958e-05,4.4840471e-05
20170130-102100-0.jpg,1,1,2.7660036e-05,0.99973831,4.7289057e-06,1.6875386e-06,8.1811132e-06,8.4181501e-06,2.4642429e-05,0.00017000534,1.6364199e-05
20170210-131340-0.jpg,7,7,0.00037127401,3.6043341e-06,4.6328203e-05,2.2208083e-06,8.9448208e-07,7.1750092e-05,1.6619356e-05,0.99948324,4.0682512e-06
20171102-123220-3.jpg,2,2,1.7187736e-06,1.0341181e-05,0.99992435,4.8634215e-06,1.4047999e-05,4.8021226e-06,1.4119617e-06,2.256025e-06,3.6212252e-05
20170217-112250-0.jpg,0,0,0.99823681,1.9510966e-05,1.8916433e-05,3.6853791e-06,2.6713114e-06,3.8629741e-05,3.6140992e-06,0.0016630657,1.3096775e-05
20171113-140705-2.jpg,6,6,8.4932111e-06,3.7332427e-05,3.0860306e-06,3.5993925e-06,3.3112431e-06,4.0345837e-06,0.99969658,0.00018706438,5.6502466e-05
20170727-120851-3.jpg,4,4,7.4619728e-06,8.3658688e-06,3.8031766e-05,2.7650898e-05,0.99815434,2.7147353e-06,9.1447987e-06,1.0277347e-05,0.0017420099
20170210-132343-0.jpg,0,8,0.40431406,0.12667751,0.0011124579,2.5091062e-05,0.0005441044,0.0014789629,0.0010837612,0.0034388585,0.46132519
20180125-134135-2.jpg,8,8,2.9545388e-05,4.0757522e-05,7.809994e-06,1.2589566e-05,1.4371717e-05,4.6757547e-05,4.1799982e-05,0.00021425598,0.99959211
20171220-091744-2.jpg,8,8,0.00029042359,6.7327054e-05,2.3998707e-05,0.00025233721,3.8710139e-06,0.004564003,8.0917625e-06,2.1489809e-05,0.99476846
20171109-070713-3.jpg,5,5,0.0024095663,8.2629418e-05,0.00017655516,2.3995537e-05,0.00012763435,0.99531073,0.00027017515,0.00055410029,0.0010446107
20180105-101840-2.jpg,8,8,8.093432e-05,0.00020491803,8.8789678e-05,3.0106204e-05,3.7986211e-05,6.4577979e-05,0.0033401247,0.0069207719,0.98923179
20170410-123909-0.jpg,0,0,0.99117064,0.00097946819,3.4325711e-05,2.5830126e-05,1.6115122e-05,0.00037244989,1.5240309e-05,0.0070475729,0.000338359
20171203-165142-3.jpg,8,8,0.00054704945,0.00064288861,7.364838e-06,7.9420113e-05,2.0105482e-05,1.7988466e-05,1.4469074e-05,0.00031544323,0.99835527
20180112-071514-2.jpg,8,8,0.00013565594,0.0002224652,0.00010532866,9.0859498e-05,0.00022372183,1.7911885e-05,9.9025697e-05,0.00066598019,0.99843905
20161207-144425-0.jpg,7,7,0.043602658,0.020020885,0.00012506279,0.0077577608,2.2254711e-05,0.00041250636,0.0006043189,0.85931376,0.068140797
20171109-091003-3.jpg,5,5,0.00015282476,6.1796985e-05,6.1480532e-05,4.7935912e-05,3.2180621e-05,0.99902392,8.8109907e-05,0.00018597141,0.00034578165
20180112-073533-1.jpg,8,8,2.2750296e-05,6.6320856e-05,4.4851207e-06,1.9418884e-05,1.7784033e-05,9.0839503e-06,0.0001186493,0.00031392977,0.99942758
20170727-162650-1.jpg,4,4,8.6644951e-06,1.3377026e-05,4.5622656e-06,5.0983556e-06,0.99856573,1.9922305e-06,6.0901332e-06,1.1572515e-05,0.0013829091
20180109-085554-1.jpg,8,8,0.024441244,0.045721149,1.8541495e-05,0.00025020448,7.0537031e-05,0.00023619104,0.0080344227,0.026866992,0.89436072
20171218-110814-2.jpg,8,8,7.272472e-05,0.00031754034,0.00015967232,7.1097537e-05,0.0001857724,0.00016466284,0.00030084038,0.00016382993,0.99856386
20180322-114415-2.jpg,8,8,1.1428455e-06,6.2438911e-05,2.5431062e-07,2.1114532e-06,1.4261868e-06,5.9752635e-06,1.6413249e-06,3.5859561e-06,0.99992142
20170920-114717-3.jpg,2,2,1.4874385e-06,7.803303e-07,0.99995879,4.2910224e-06,1.1613232e-05,6.4380609e-07,1.0520019e-06,2.5410053e-06,1.8804526e-05
20171219-112750-3.jpg,8,8,0.0012402169,0.0053357114,0.00014976927,1.3420926e-05,0.00010352842,3.455116e-05,0.00018742018,0.00096700484,0.99196838
20170727-152727-1.jpg,4,4,1.6706406e-05,1.6451442e-05,1.153055e-05,4.3006957e-05,0.99669605,3.3363302e-06,1.2646664e-05,9.3946185e-06,0.0031908817
20170405-155749-0.jpg,0,0,0.98919601,0.00023068578,5.3014179e-05,5.6027555e-06,3.6503599e-05,6.1105601e-05,8.2078986e-05,0.0079976712,0.0023373267
20170127-101726-0.jpg,1,1,1.5500813e-06,0.99994436,1.9028038e-07,1.2378776e-06,4.7191954e-07,1.1242101e-06,6.3108874e-06,1.2553665e-06,4.3498792e-05
20171113-121527-3.jpg,6,6,2.9759916e-05,9.6243485e-05,1.7551877e-05,1.2069726e-05,2.3425e-05,8.9597919e-06,0.99862807,0.00082809904,0.00035582539
20170920-095635-2.jpg,2,2,8.0768584e-06,1.9237456e-05,0.99931981,4.8367143e-05,0.00028855857,1.0134923e-05,2.8088312e-05,1.1788585e-05,0.00026593946
20171113-133758-3.jpg,6,6,7.7070563e-05,0.00028836576,2.8526157e-05,1.327977e-05,2.7286499e-05,1.0395515e-05,0.99892631,0.00021571408,0.00041304789
20180322-112348-2.jpg,8,8,2.0261753e-06,1.8680267e-05,9.7438336e-07,7.1583875e-07,6.5071105e-06,5.6706739e-06,1.9173326e-06,1.1620466e-05,0.99995189
20170727-114558-3.jpg,4,4,1.5670671e-05,3.3607215e-05,0.0011822816,6.7082322e-05,0.98321023,2.5865195e-05,3.4913774e-05,1.8779405e-05,0.015411569
20171218-105717-2.jpg,8,8,0.0003366619,3.7352387e-05,5.1154028e-05,3.0537869e-05,1.8110455e-05,1.9057597e-05,2.1358028e-05,0.00047009088,0.99901568
20180109-075028-1.jpg,8,8,2.7681482e-05,7.2515768e-05,3.8223477e-06,6.923194e-06,2.544064e-05,5.3819314e-05,0.0080191605,0.00020678196,0.99158385
20170729-092158-1.jpg,4,4,4.0361252e-06,4.9353031e-06,4.9235723e-06,7.7291526e-06,0.99959845,9.6397527e-07,3.2197403e-06,3.7582487e-06,0.0003719883
20171219-113243-2.jpg,8,8,0.00012122788,0.00014972668,3.1016878e-05,0.00013331576,2.390478e-05,1.6331581e-05,4.67236e-05,0.00015159283,0.99932616
20170728-155251-1.jpg,4,4,0.0014830744,0.0021078589,0.0017738274,0.00056604294,0.98806791,0.0034084537,6.1886615e-05,0.00018396175,0.0023469829
20170714-140532-1.jpg,1,1,2.883349e-05,0.99990592,3.2800841e-06,8.2741813e-07,5.7677181e-06,1.1276754e-06,4.0956953e-06,4.2729032e-05,7.4160545e-06
20171203-174313-3.jpg,8,8,0.00013427928,0.0050289879,2.9884139e-06,0.00036939519,7.5910852e-06,9.2420038e-05,7.7183356e-05,0.00028067058,0.99400648
20180322-114410-1.jpg,8,8,1.7671267e-06,5.625902e-06,8.9436869e-06,2.171047e-06,1.4218909e-05,7.122444e-05,5.5680147e-06,1.4339509e-05,0.99987614
20170714-112930-2.jpg,1,8,0.0011119052,0.16119526,9.6387093e-06,0.00026880693,1.8663005e-05,0.00038163026,7.6322184e-05,0.002608569,0.83432921
20180125-091826-1.jpg,8,8,3.5272727e-07,1.9335715e-05,7.6234762e-07,4.6445822e-07,5.3409015e-06,5.8236902e-06,5.4044381e-06,5.8213494e-06,0.99995669
20171220-090301-2.jpg,8,8,1.5377382e-05,0.00011097094,6.6627394e-07,1.953728e-06,3.1080087e-07,1.683171e-05,1.1657296e-05,1.3026216e-05,0.99982921
20171212-094411-3.jpg,8,8,3.9904917e-06,2.2154236e-05,1.1459033e-07,1.4202341e-06,1.1393323e-07,2.1662583e-05,1.8479281e-06,3.082052e-06,0.99994561
20171220-091648-3.jpg,8,8,0.0013058705,0.00012340679,4.1532406e-06,4.1633224e-05,3.150141e-06,0.00011290127,1.2296681e-05,0.00024053536,0.99815605
20170714-150446-1.jpg,1,1,7.9238087e-06,0.99988548,4.9290903e-06,1.1693069e-06,7.3944895e-06,1.5085654e-06,1.6876498e-05,2.4043816e-05,5.0670414e-05
20170913-123856-1.jpg,5,5,0.00024058431,2.1208478e-05,0.00015929151,3.0404978e-05,4.9105537e-05,0.99923324,4.6889735e-06,0.00021186374,4.9610942e-05
20180105-093944-3.jpg,8,8,1.3576323e-05,1.6947167e-05,4.5955416e-06,6.3807008e-06,7.9541594e-06,8.9576777e-06,0.0009395648,0.00010874347,0.99889328
20170715-103801-1.jpg,1,1,2.792483e-05,0.99992206,3.4750716e-06,1.1478426e-06,9.1782189e-06,1.4406241e-06,1.0884973e-05,1.5955913e-05,7.9283857e-06
20180112-083355-1.jpg,8,8,0.00026116521,6.5361093e-05,1.3764718e-05,1.6288838e-05,2.2181111e-05,2.5498651e-05,0.00011429137,0.00070461111,0.99877684
20170714-143048-1.jpg,1,1,2.2604442e-05,0.99993633,7.0365079e-07,5.6618811e-07,2.5825346e-06,1.1812795e-06,1.2367251e-06,2.0924663e-05,1.3873677e-05
20180125-091323-2.jpg,8,8,6.1789817e-05,2.1629081e-05,3.4418718e-05,2.1619736e-05,6.06605e-05,0.00016440109,0.00020011911,7.3362024e-05,0.999362
20180112-104321-2.jpg,8,8,9.9712077e-05,0.00022302048,0.0085838799,0.00061126145,0.00019493417,0.00057117542,0.00027061934,0.0037989149,0.98564648
20180112-093400-2.jpg,8,8,9.6761663e-05,5.5747125e-05,0.0001014124,3.0250524e-05,3.4368859e-05,0.00037370762,8.1231474e-05,0.00017707596,0.99904944
20171113-123522-1.jpg,6,6,3.1084774e-05,4.6194428e-05,8.3275112e-06,2.3681428e-05,9.6443696e-06,7.6753882e-06,0.99755358,0.00042146374,0.0018983484
20180322-120115-2.jpg,8,8,7.6717399e-07,9.9961232e-06,3.2197449e-06,1.8084609e-06,3.7342812e-06,7.1453023e-06,8.3833247e-06,4.7601684e-06,0.99996019
20170207-141604-0.jpg,7,7,0.00073837109,5.4761627e-05,1.9650619e-05,5.0224856e-06,2.9128381e-06,2.3863101e-05,7.9848694e-06,0.9991329,1.453115e-05
20171219-114203-2.jpg,8,8,5.8775594e-05,4.7242602e-05,0.00031403699,1.0864197e-05,4.6019109e-05,1.2509371e-05,0.00013253876,0.00017937734,0.99919864
20171025-095126-3.jpg,3,3,0.0018847813,0.00013264533,0.00013209908,0.99573256,0.00024663216,0.00088863435,4.9280277e-05,8.0424842e-05,0.00085294517
20170811-131023-1.jpg,0,0,0.9931261,0.00069131937,1.541672e-05,1.4732836e-05,4.0877482e-05,0.0035158766,4.5907794e-06,0.00083575664,0.0017553304
20171220-084149-3.jpg,8,8,1.8408647e-05,1.2342837e-05,1.5785849e-06,8.4848346e-06,4.1464955e-06,5.3245396e-05,5.1157727e-06,2.4576372e-05,0.9998721
20170913-124037-2.jpg,5,5,0.00019838314,5.0952358e-05,4.6623418e-06,0.00024973289,9.0036534e-06,0.99943672,1.9515805e-06,2.8761158e-05,1.9835558e-05
20180105-100554-2.jpg,8,8,1.06511e-05,2.7310557e-05,5.1495635e-05,6.2588181e-06,7.9279716e-05,2.0729301e-05,0.00062409713,0.00015113821,0.99902904
20180112-080357-2.jpg,8,8,0.0015929446,0.00037415737,0.00023954514,0.36987823,0.00016294538,9.4899187e-05,0.00012178603,0.0061288748,0.62140662
20171102-095026-1.jpg,4,4,0.0046895578,0.00040678584,0.00089985684,0.00031722288,0.87141235,5.4350494e-05,7.0634794e-05,0.00020146535,0.12194777
20170906-105529-1.jpg,3,3,0.003042401,0.0003802831,0.00027574513,0.99178338,0.0016082888,0.00046032876,0.00013918258,0.00025385512,0.002056531
20170217-150828-0.jpg,0,0,0.99788949,1.9872097e-05,4.8834693e-05,1.3991147e-06,4.1693642e-06,4.9304716e-05,4.6305904e-06,0.0016238222,0.00035847504
20170920-094900-2.jpg,2,2,9.6461809e-05,0.00016596736,0.98875045,0.00022640034,0.0044450183,5.0332922e-05,0.00040989292,0.0001119509,0.0057435239
20170811-103725-2.jpg,0,0,0.99961209,8.1151567e-06,2.1733813e-05,1.1835753e-06,3.4473431e-05,1.9597554e-05,4.0333871e-06,0.00012992213,0.00016885572
20170913-124114-1.jpg,5,5,0.00017020419,8.7758119e-05,6.1656105e-06,4.3191481e-05,3.5883994e-05,0.99942539,1.3911599e-06,5.0184869e-05,0.0001798286
20180322-112922-1.jpg,8,8,2.2741482e-05,0.00012803552,0.00045250352,8.3338578e-06,1.9213862e-05,0.0001458428,9.1206869e-06,0.00011418631,0.99910002
20170715-125306-1.jpg,1,1,4.6865428e-05,0.99989604,4.4121783e-06,1.3840991e-06,6.943479e-06,2.5392272e-06,7.100799e-06,2.5700099e-05,9.0122402e-06
20180125-134135-3.jpg,8,8,0.00046584991,0.0033893066,0.00020926001,0.0032078905,0.0012325804,3.888116e-05,0.0018992824,0.0014279172,0.98812903
20180112-080137-2.jpg,8,8,0.00037576435,0.00056322575,0.00033126012,0.004373935,0.00011884283,0.00012260911,0.00028229079,0.011041465,0.98279061
20170714-111703-2.jpg,1,1,0.0051737536,0.80324192,0.00024484544,0.0005154657,9.6388329e-05,0.00082963532,0.01696757,0.03914103,0.1337894
20171102-093500-3.jpg,4,4,0.00019258237,0.00036604755,0.00019163271,3.0083543e-05,0.99191796,9.6784523e-06,3.2980865e-05,1.2346403e-05,0.0072466929
20170128-102740-0.jpg,8,8,6.3438665e-05,0.0011969938,1.5096081e-05,0.00027993442,4.9369648e-06,1.2088819e-05,2.6884107e-05,0.00075660818,0.99764402
20180322-124735-1.jpg,8,8,5.3634941e-06,0.00015465468,5.6391767e-06,2.2760785e-05,3.3648451e-05,4.0556438e-05,1.2604086e-05,2.4043875e-05,0.99970073
20170714-122419-3.jpg,1,1,0.00067728103,0.99852855,1.1059554e-05,2.7646894e-06,5.34499e-05,7.2148019e-06,1.7008189e-05,0.00048161679,0.0002210588
20170718-132737-2.jpg,7,7,0.00066943206,0.00010297636,2.8882178e-05,1.6986386e-05,4.0734866e-06,4.0940038e-06,1.1096344e-05,0.99910016,6.229631e-05
20170913-103812-3.jpg,5,5,6.7615975e-05,2.0141059e-05,6.2252254e-06,0.0001077782,6.842645e-06,0.99971461,3.2762554e-06,2.6445154e-05,4.7066486e-05
20170128-104011-0.jpg,8,8,9.3103898e-05,0.00063990409,1.1742883e-05,0.00036285115,7.0838827e-06,8.6699278e-06,3.1263259e-06,0.00057708615,0.99829643
20170906-103531-1.jpg,3,3,0.00041185661,9.5764908e-05,0.00010185358,0.99535724,0.00017645428,2.081596e-05,3.2758889e-05,0.00049431375,0.003308947
20180109-070648-1.jpg,8,8,7.505603e-06,2.6720724e-05,1.0845619e-05,4.5759898e-05,2.5231465e-05,1.7983464e-05,0.0021996797,9.4221118e-05,0.99757205
20170714-111950-2.jpg,1,1,2.4771405e-05,0.99973798,7.174962e-06,2.4164665e-06,1.1312954e-05,2.5577139e-06,1.7313917e-05,0.00012625854,7.0213945e-05
20171219-111743-3.jpg,8,8,0.020591888,0.00057248918,2.2348345e-05,0.0040022306,0.00024196699,6.0774277e-05,0.0036628981,0.0014140063,0.9694314
20171218-105318-3.jpg,8,8,0.00010548785,0.013324042,7.748348e-06,6.6497461e-06,2.454073e-05,9.7582192e-05,3.5803685e-05,0.00043057229,0.98596757
20171220-090156-3.jpg,8,8,0.0012401457,1.4730776e-05,1.3448732e-06,0.0014028858,1.0222362e-06,0.00010453668,2.246351e-05,0.0004695949,0.99674328
20171219-092644-3.jpg,8,8,0.04568362,0.014509255,0.0046506663,0.013456978,4.2380762e-05,0.0021147659,0.00095040316,0.0030953553,0.91549658
20170727-144106-1.jpg,4,4,5.5000762e-05,0.00011292055,4.6620358e-05,1.852345e-05,0.99345656,8.0683276e-06,3.6154734e-05,3.5543982e-05,0.0062306049
20171219-112439-2.jpg,8,8,0.00020596071,6.1044933e-05,2.1463225e-05,7.95245e-05,1.2735265e-05,9.7053149e-05,0.00019720267,4.8060276e-05,0.99927696
20171109-073228-3.jpg,5,5,0.0013365522,0.00061413596,0.00018355885,0.00085145847,0.0002819627,0.95023224,0.00063898639,0.00054809165,0.045313013
20171212-103609-3.jpg,8,7,0.037030662,0.0094976753,0.0010437717,0.00012243427,0.00025573789,0.0013056658,0.012387807,0.49873496,0.43962128
20171109-090601-2.jpg,5,5,0.00036142989,5.8520797e-05,6.748748e-05,1.7519474e-05,2.4365053e-05,0.99875093,0.00022329388,0.00010366367,0.00039278649
20170913-104934-3.jpg,5,8,0.022753938,0.026047082,0.00038460422,0.0023710374,0.00085710135,0.054414895,4.208395e-05,0.0017704154,0.89135884
20171218-121303-2.jpg,8,8,6.4168008e-06,1.5690077e-05,1.7501497e-06,5.2464085e-06,2.3688526e-06,0.00013252946,1.9347421e-05,1.3110967e-05,0.99980354
20170714-110717-1.jpg,1,1,0.00031834984,0.98745917,0.00034372164,1.1080103e-05,9.219541e-05,1.79586e-05,0.00014750577,0.0078726327,0.0037373822
20180322-113211-1.jpg,8,8,1.8741104e-06,1.0558866e-05,6.3359072e-06,2.1257797e-06,1.3968231e-05,1.4779893e-05,2.0139252e-06,1.1574081e-05,0.99993677
20170714-115955-3.jpg,1,1,1.9304277e-05,0.99993913,2.1466538e-06,8.6209146e-07,3.9097656e-06,1.1532282e-06,2.2899249e-06,2.1997252e-05,9.20438e-06
20170207-154653-0.jpg,0,0,0.99185272,0.00013488286,0.00038794588,0.00024879715,0.00099379272,0.00063414234,5.6153538e-05,0.0021015588,0.0035900049
20170128-103255-0.jpg,8,8,0.00010069785,0.020721875,9.4649472e-06,0.00026894552,3.5445871e-05,1.4549525e-05,7.3756946e-06,0.00041342051,0.97842823
20180119-111439-1.jpg,8,8,0.00076336371,0.1566965,7.9738067e-06,2.7762841e-05,3.3724237e-06,0.00010874696,0.0026811218,0.029255566,0.81045559
20180109-080651-1.jpg,8,8,2.1618442e-05,2.600669e-05,1.4693567e-05,8.7185944e-06,2.0695385e-05,2.166463e-05,0.0016771073,0.00050619046,0.9977033
20180109-095539-2.jpg,8,8,0.00034649039,0.00041376119,0.00043829806,0.0091568299,0.00080498881,0.00024990634,0.00022443923,0.0049822426,0.98338304
20180322-115414-2.jpg,8,8,2.502163e-06,1.4271414e-05,8.9021844e-07,1.103484e-06,4.0372541e-06,5.0967025e-06,2.9626592e-06,1.0637247e-05,0.9999585
20171219-092910-2.jpg,8,8,6.4771497e-06,7.8292418e-05,1.6540839e-07,4.3924843e-06,3.8918357e-07,3.6472764e-05,2.1987167e-06,1.8241019e-06,0.99986979
20180109-091434-2.jpg,8,8,0.00015351968,0.00016974256,1.0413761e-05,0.001597383,0.00020844995,0.0001093353,0.00020232214,0.00032132319,0.99722751
20170217-115221-0.jpg,0,0,0.99971479,2.8801394e-05,8.1680167e-06,5.0271418e-06,3.7382657e-06,4.8637262e-05,2.0953353e-06,0.00017757018,1.1173289e-05
20180109-100223-2.jpg,8,8,0.00011420821,0.0012439429,7.3170469e-07,6.6809482e-06,3.183551e-06,2.0910907e-05,2.1041506e-05,3.0358748e-05,0.99855894
20180125-132850-2.jpg,8,8,9.7621121e-07,4.7462683e-06,7.8512438e-07,6.8294742e-07,1.6619172e-06,4.6025137e-06,1.3744864e-05,7.9744611e-06,0.99996483
20171218-110656-3.jpg,8,8,0.00020948603,8.0310699e-05,8.3667938e-05,4.1858712e-05,9.3421654e-06,0.00019316429,1.0695855e-05,0.0001075182,0.99926396
20170728-122701-3.jpg,4,4,0.00010346058,1.8225145e-05,0.0001007787,5.4762656e-05,0.99840213,7.8104907e-06,8.8156221e-06,1.2107739e-05,0.0012919126
20170727-112901-1.jpg,4,4,8.7432006e-05,1.523735e-05,0.000198602,2.1025343e-05,0.99589387,0.00020563474,5.4911407e-05,2.9407592e-05,0.0034938757
20171109-071508-1.jpg,5,5,0.0026815539,0.0013822833,0.00033190011,0.00058570701,0.00051371143,0.97995775,0.00045718691,0.0013555813,0.012734328
20170727-165337-1.jpg,4,4,0.00016319766,4.8348138e-05,0.00073099165,0.00061254638,0.95051962,7.0750359e-06,7.6015853e-05,0.00035725161,0.047484952
20170714-150115-1.jpg,1,1,1.018394e-05,0.99994978,9.257828e-07,4.8812155e-07,2.9143288e-06,3.9466116e-07,9.1312736e-07,1.720734e-05,1.7193534e-05
20180119-104750-1.jpg,8,8,0.0001300602,0.0013554383,3.1073455e-06,1.6197474e-05,2.0996529e-06,1.3670215e-05,0.00027109598,0.0025291616,0.99567917
20170714-113627-3.jpg,1,1,1.6324418e-05,0.99994325,1.5538458e-06,3.3650213e-07,3.2373543e-06,2.5403925e-06,3.5443903e-06,2.5316907e-05,3.8970107e-06
20180125-095950-2.jpg,8,8,0.027966586,0.0019360727,1.9415766e-05,0.0028137714,1.8380782e-05,0.010274816,0.0003462429,0.013434775,0.94318994
20180322-104212-1.jpg,8,8,8.6007172e-06,2.0659131e-05,1.0306377e-06,2.2444881e-06,5.3222726e-06,6.7508767e-06,7.8173649e-07,3.2752614e-05,0.99992186
20170217-103906-0.jpg,0,0,0.99963664,8.0483701e-07,2.2144854e-05,7.1851888e-07,1.2342702e-06,5.2153453e-06,2.0268702e-06,0.00032632972,4.8813099e-06
20180109-080550-2.jpg,8,8,1.3454822e-05,0.00010460507,0.00010121208,0.00012073161,0.00020553696,5.8140736e-05,0.018779208,0.00054371125,0.9800734
20171102-094216-1.jpg,4,4,0.00057765958,0.00022929287,0.011328758,0.010167399,0.78464918,4.9684025e-05,6.5111228e-05,0.00010888834,0.19282403
20170210-131452-0.jpg,7,7,0.00060395687,6.0176069e-06,4.2220659e-05,5.0706961e-06,2.1114275e-06,8.6821761e-05,1.2507623e-05,0.99923382,7.4706795e-06
20171109-194331-1.jpg,5,5,9.345262e-05,8.6408154e-06,2.9796127e-05,2.3103859e-06,9.9915652e-06,0.99975693,2.9867925e-06,1.9097725e-05,7.6795684e-05
20171219-112524-2.jpg,8,8,0.00025906696,2.6496043e-05,4.0335579e-06,0.0011989355,2.7120721e-06,3.6338364e-05,0.00066361465,0.00021103799,0.99759776
20171212-104428-3.jpg,8,8,1.8747625e-05,2.2932366e-05,3.0502595e-05,1.0864744e-05,1.1070603e-05,2.8303052e-05,7.8882727e-06,2.6762359e-05,0.99984293
20180109-100020-2.jpg,8,8,0.0027261815,0.0033594066,0.00056712768,0.0033169381,5.3370042e-05,0.00015479952,0.0018060961,0.00085551022,0.98716057
20171122-101630-1.jpg,5,5,0.00015143375,1.8352379e-05,4.9991051e-05,6.6318897e-06,2.5302264e-05,0.99963265,4.5930156e-05,4.1934546e-05,2.7774981e-05
20171113-131658-0.jpg,6,6,4.0822601e-06,4.3223027e-05,4.9875503e-06,3.1392884e-06,2.9375675e-06,1.7628898e-06,0.99979512,0.00013932589,5.4218344e-06
20180112-094623-2.jpg,8,8,7.1671451e-06,4.8008124e-06,9.7016834e-06,9.3786417e-07,2.7858071e-05,2.2180746e-05,4.7917328e-06,4.7645204e-06,0.9999178
20170217-100534-0.jpg,7,7,0.0004210682,1.5416603e-05,4.1947118e-05,2.3833701e-06,1.4417912e-06,3.1845544e-05,4.4918677e-05,0.99926292,0.00017806332
20170811-134054-1.jpg,0,0,0.57301421,0.00018288817,0.00037749238,5.7505757e-05,5.0911574e-05,0.00044718341,7.2350697e-05,0.012316054,0.41348141
20180112-081632-2.jpg,8,8,0.00045446146,0.00030513889,0.00073642411,0.0026454572,7.7809247e-05,4.2497157e-05,1.2680299e-05,0.0019615741,0.99376396
20170728-122620-3.jpg,4,4,1.7537224e-05,1.4194138e-05,5.7596523e-06,5.7148113e-06,0.99730069,1.7362281e-06,7.0093072e-06,8.0911894e-06,0.0026392628
20171108-125635-3.jpg,5,5,0.00052488526,1.6381213e-05,0.00015489754,2.0529829e-05,4.5342536e-05,0.99878466,5.2813739e-05,0.00035990706,4.0578875e-05
20171218-115150-2.jpg,8,8,1.4561146e-05,2.9434844e-05,9.7435707e-07,1.6285258e-05,1.2610181e-06,1.9326712e-05,4.1876663e-06,3.1054755e-05,0.99988291
20171219-093048-2.jpg,8,8,0.12794902,0.0090169869,0.00014018846,0.089425466,3.5169211e-05,0.0035636398,0.00011383559,0.00029554869,0.76946014
20170920-112835-3.jpg,2,2,0.00042794904,5.797508e-05,0.99129057,0.00013442695,0.0030524296,0.00091581461,0.0001936355,0.00015027317,0.0037769232
20171219-094029-2.jpg,8,8,0.00070793965,0.00045818777,4.7828936e-07,0.00024418177,2.9822332e-06,3.1783718e-05,3.8605585e-06,4.0363417e-05,0.99851022
20170129-102525-0.jpg,8,8,0.00011935927,0.00051790634,1.300881e-05,3.5566157e-05,5.6217333e-05,0.00011367705,2.8409272e-05,0.00017661379,0.99893924
20180109-072410-2.jpg,8,8,0.00013205381,0.00021178195,0.00027962426,0.0010771273,0.00034948942,2.9381299e-05,0.00060002729,0.00044214122,0.99687837
20171217-184414-2.jpg,8,8,1.3875592e-05,0.00014764815,3.7604425e-07,2.8839061e-05,5.1231091e-06,0.00015666599,8.8390259e-06,1.4579337e-05,0.99962405
20170704-155037-0.jpg,7,7,0.0035346616,0.0013153914,0.00041182092,5.311495e-05,6.1444371e-05,0.00045086114,0.00051173654,0.77009726,0.22356371
20180105-101641-2.jpg,8,8,1.2452645e-05,1.4073864e-05,2.7676049e-05,1.0835989e-05,2.4969759e-05,1.2908223e-05,0.0010651006,0.00012751761,0.99870447
20180112-094134-2.jpg,8,8,1.895954e-05,5.6027303e-06,1.1491454e-05,5.1895406e-07,1.155165e-05,5.9029157e-06,1.1879279e-05,7.725153e-06,0.99992637
20180125-131335-2.jpg,8,8,2.4971265e-05,0.00015556784,6.3457309e-06,8.4953285e-05,4.0491526e-06,7.036683e-05,0.00019067872,6.0757476e-05,0.99940231
20171113-124439-1.jpg,6,6,2.9609633e-06,0.00011363404,2.6948157e-06,2.7939302e-06,4.5635049e-06,2.1086526e-06,0.99983693,1.6891776e-05,1.742215e-05
20171025-091157-3.jpg,3,3,0.0054262194,0.00064442474,0.00029485212,0.97694295,0.0045604923,0.0015365574,0.00018124244,0.00092723354,0.0094860253
20180109-094522-2.jpg,8,8,0.0002294174,1.4462446e-05,4.6204039e-05,3.0481305e-05,0.00015494357,0.00017464323,3.5301367e-05,7.8143863e-05,0.9992364
20171205-143059-2.jpg,8,8,0.00011417269,0.0088401596,1.9216582e-06,9.5118889e-05,5.6884364e-06,3.5464228e-05,5.0927452e-06,1.1209458e-05,0.99089117
20170729-093233-1.jpg,4,4,2.8355816e-05,2.6056796e-05,3.0323437e-05,3.1602601e-05,0.99640477,4.3186277e-06,1.33016e-05,0.00016838123,0.0032928942
20180125-133156-2.jpg,8,8,5.7034019e-06,0.00016171483,8.4892339e-06,5.453191e-06,1.788032e-06,1.9963544e-05,2.2768673e-05,3.5982728e-05,0.99973814
20180109-073112-1.jpg,8,8,6.6341525e-06,1.9325952e-05,2.506723e-05,7.002823e-06,3.2001428e-05,9.9594018e-06,0.0015184455,9.3415465e-05,0.99828815
20170126-100535-0.jpg,1,1,2.1425824e-06,0.99996726,1.1008812e-06,3.0512869e-07,1.6434748e-06,1.3646657e-06,4.4532223e-06,8.2108755e-06,1.3517219e-05
20170920-183833-1.jpg,2,2,1.0342639e-06,2.2937724e-06,0.99994647,3.8920307e-06,1.1582587e-05,1.5632567e-06,2.2339332e-06,2.6523548e-06,2.8277132e-05
20170217-115351-0.jpg,7,7,0.014402266,0.0033099066,0.00046163907,0.00024022526,5.748186e-05,0.0018808744,0.00016326633,0.96654098,0.012943365
20170811-122609-2.jpg,0,0,0.99994364,1.1896427e-05,4.5519891e-06,4.6043979e-07,2.3473336e-06,2.3938416e-06,1.0459943e-06,2.558334e-05,8.0824997e-06
20180125-134156-3.jpg,8,8,1.4623454e-05,0.00017852642,9.6266724e-07,7.1500096e-05,2.2144227e-05,1.852694e-06,2.5364087e-05,0.0011547852,0.99853024
20171205-144824-2.jpg,8,8,1.8881243e-05,0.000480405,3.0410232e-07,3.4986622e-05,1.1518299e-06,8.6374992e-05,1.0327867e-05,1.9182925e-06,0.99936565
20170811-162442-1.jpg,0,0,0.99997806,3.9643911e-06,2.0082819e-06,3.3344997e-07,1.2646024e-06,2.9022454e-06,3.3869522e-07,8.3664617e-06,2.7578507e-06
20171102-115408-3.jpg,2,2,6.926372e-05,7.6725594e-05,0.99268268,9.0112034e-05,0.00049443844,0.0063355717,1.5045681e-05,4.3910447e-05,0.00019225124
20171102-100951-2.jpg,4,4,0.000469928,0.000204971,0.0026316903,0.0005712305,0.61511235,1.1854872e-05,8.1705995e-05,0.00029006631,0.3806262
20180105-093606-3.jpg,8,8,1.1515642e-05,8.3946596e-06,1.8795293e-06,6.9784661e-06,1.0287387e-05,1.9952067e-06,0.00017338873,2.8059059e-05,0.9997575
20180109-073051-1.jpg,8,8,2.7193554e-05,1.7532577e-05,1.5068637e-05,1.4714295e-05,1.2701642e-05,1.9873422e-05,0.0017455985,0.00063506085,0.99751226
20171220-082809-3.jpg,8,8,1.0148259e-05,8.3015123e-06,7.6356971e-07,1.3327018e-06,1.996778e-06,2.0428852e-05,1.7790798e-06,2.3242078e-05,0.99993201
20180112-091218-2.jpg,8,8,0.00011872219,2.2855924e-05,2.9693847e-05,0.00015551468,8.5489078e-06,1.4861356e-05,6.502787e-06,0.0012082135,0.99843509
20180125-132122-2.jpg,8,8,2.9375017e-05,3.4730026e-05,1.0470962e-05,3.9918038e-06,8.7628091e-06,8.3180299e-05,6.0714416e-05,3.5400801e-05,0.99973337
20170920-101720-1.jpg,2,2,9.8680618e-06,1.8044044e-05,0.99912971,4.0928467e-05,0.00054362928,1.0999663e-05,3.0224981e-05,9.3028341e-06,0.00020729557
20180109-074010-1.jpg,8,8,8.7715318e-06,2.1739595e-05,2.2194774e-05,1.2695109e-05,2.18882e-05,1.063719e-05,0.00066443936,0.00015063473,0.999087
20180322-130428-1.jpg,8,8,3.304868e-06,9.8898205e-05,3.0705043e-06,8.3825647e-07,1.7856556e-05,2.9118857e-05,6.3444384e-06,5.3735944e-06,0.99983519
20170217-095958-0.jpg,7,7,0.00022800971,5.2929146e-06,1.5413333e-05,1.4482759e-06,6.3282538e-07,1.8274611e-05,9.3733563e-06,0.99970952,1.2033979e-05
20180105-095241-2.jpg,8,6,8.3122271e-05,0.001285036,2.6861654e-05,4.4050135e-05,4.4051692e-05,5.4741578e-05,0.54991867,0.00054912848,0.44799433
20171220-094523-2.jpg,8,8,4.072762e-05,0.00032997658,7.8446649e-07,3.9701709e-06,1.008448e-06,0.00011893609,4.5009093e-06,1.2446139e-05,0.99948765
20170129-102426-0.jpg,8,8,0.00044439377,0.001436036,5.2952361e-05,0.00037482572,0.00017274261,0.0033254737,9.2594478e-05,7.6263898e-05,0.99402472
20171025-080211-2.jpg,3,3,0.0096531133,0.0024272642,0.0042479032,0.86269902,0.10188666,0.0020288411,0.00011661761,0.00066035589,0.016280222
20171122-100346-1.jpg,5,5,8.5499054e-05,2.1533995e-05,2.3337217e-05,5.8129686e-06,1.9852192e-05,0.99978536,2.3178299e-05,1.2831665e-05,2.2589884e-05
20180109-104108-2.jpg,8,8,0.0087300484,7.9486851e-05,0.0037277584,0.0027085943,0.00015146553,0.00021976114,4.5543631e-05,0.0021061701,0.98223117
20171113-113542-0.jpg,6,6,1.4869026e-05,0.0011368529,5.9556965e-06,6.2332313e-06,1.0328483e-05,3.5370958e-06,0.99871696,9.8461238e-05,6.8030513e-06
20171109-093449-2.jpg,5,5,0.00013067645,8.5883143e-05,4.2451986e-05,5.5162766e-06,1.9425684e-05,0.99947322,0.0001654472,2.76032e-05,4.9777319e-05
20170714-143217-1.jpg,1,1,2.9666185e-05,0.99987618,2.4038643e-06,8.1446225e-07,7.2212543e-06,2.082652e-06,3.7772053e-06,3.036835e-05,4.7485792e-05
20180109-091402-2.jpg,8,8,5.1819044e-05,0.00022031263,2.0045574e-05,0.00045288579,0.00022443916,3.3402761e-05,0.00048055818,0.00012731234,0.99838922
20170304-131546-0.jpg,7,7,0.00049683345,4.7618364e-05,2.72841e-05,3.4805948e-06,2.3445777e-06,5.9538478e-05,8.5229673e-06,0.99934821,6.1662135e-06
20171220-092331-3.jpg,8,8,0.0053679442,0.00042033952,1.6193955e-05,0.00048166551,6.1848128e-05,0.0044789018,3.7904277e-05,0.0037842504,0.98535095
20171113-102023-1.jpg,5,5,0.00033647423,3.4659642e-05,7.8606173e-05,5.5894435e-05,3.7203603e-05,0.99636163,0.0001742542,0.00047293843,0.0024483356
20171203-165621-3.jpg,8,8,0.0073675402,0.06993547,5.4447227e-05,0.00026682221,5.8568828e-05,3.9160263e-05,0.00037210769,0.010130857,0.91177503
20180109-103801-2.jpg,8,8,7.8355583e-05,0.00012015636,0.0018076131,0.00063943779,0.0005449486,8.8674896e-05,0.00045818705,0.0013357815,0.99492685
20170627-105220-0.jpg,7,7,0.0021241829,0.00020459334,9.7562318e-05,6.1331446e-06,4.7426895e-06,0.0018729755,0.00022688417,0.99540052,6.2401321e-05
20171113-120638-3.jpg,6,6,1.643998e-06,2.0879847e-05,2.4652402e-07,1.411088e-06,5.3168466e-07,1.0032762e-06,0.99992821,8.3684349e-06,3.7701282e-05
20180112-091313-2.jpg,8,8,0.0029274065,6.0094231e-05,0.00022395656,1.578731e-05,4.7638071e-05,7.3724959e-05,3.3360271e-05,0.00076443665,0.9958536
20171113-140203-1.jpg,6,6,4.7129165e-06,4.4894692e-05,5.5033223e-06,4.0390889e-06,3.2526233e-06,2.4028095e-06,0.99985935,6.1233521e-05,1.4615811e-05
20180105-101625-2.jpg,8,8,1.5957755e-05,1.7502652e-05,4.966034e-05,6.8183302e-06,3.0060014e-05,2.034803e-05,0.00058033854,0.00032741841,0.9989519
20180125-135038-2.jpg,8,8,1.092854e-06,0.00020794482,1.4251383e-06,1.7390835e-06,5.0739795e-06,6.0589903e-06,9.6036254e-06,1.2820081e-05,0.99975424
20170728-154236-1.jpg,4,4,7.5533532e-05,1.2181246e-05,2.4346364e-05,8.3897572e-06,0.99297196,4.4653744e-06,7.7770814e-06,3.5170001e-05,0.0068601783
20180109-085352-2.jpg,8,8,0.00056584064,0.0042237364,2.4633205e-05,0.052079157,0.00027132194,0.00021516311,0.00023881986,0.0017361812,0.94064515
20170501-145713-0.jpg,8,8,0.012443598,0.0086054021,0.00024519364,0.00011619788,5.3464955e-05,0.00030736038,0.00067117967,0.041909492,0.93564811
20170728-150742-3.jpg,8,8,0.00052666251,0.00010760086,0.00098699339,0.00029937982,0.22410126,0.00021297742,0.00053242716,0.00078337754,0.77244932
20180112-093427-1.jpg,8,8,0.00013125024,2.7651341e-05,1.4398027e-05,1.6801282e-05,9.2653734e-06,3.5046087e-05,9.4956365e-05,0.00031549672,0.99935513
20180105-102301-1.jpg,8,8,5.3463177e-05,4.6944151e-05,1.6385376e-05,8.5457749e-05,1.1960306e-05,3.6539637e-05,0.00244821,0.00040924907,0.99689179
20180119-110050-1.jpg,8,8,3.8124341e-05,0.00012155512,1.2985386e-06,2.26369e-05,1.2097923e-06,3.3933213e-05,3.8552765e-05,0.00014452449,0.99959816
20171212-094119-1.jpg,8,8,0.0001087966,0.00028567842,2.6982294e-06,5.6558659e-06,1.4439836e-06,7.4452392e-06,1.0768138e-06,0.00017240264,0.9994148
20170727-171618-3.jpg,4,4,7.6372018e-05,3.2235636e-05,0.0011414902,0.00015024653,0.99122357,6.7947707e-06,6.2267674e-05,0.00017421378,0.0071328079
20170920-094806-2.jpg,4,4,0.0023944032,0.0015692086,0.00066788707,0.017043171,0.76596356,0.00013340372,0.0007701956,0.0017546791,0.2097035
20170811-104139-1.jpg,0,0,0.99995159,1.2435955e-06,6.9229667e-06,4.0047119e-07,9.6177092e-07,3.2546556e-06,5.5303945e-07,3.2644024e-05,2.424955e-06
20170906-133045-1.jpg,3,3,0.013840493,0.00089402775,0.0014451454,0.94994036,0.0064706096,0.01561767,0.00038568724,0.00064994166,0.010756064
20180125-131617-3.jpg,8,8,0.00031000667,0.0013378039,0.00012403761,2.0541144e-05,6.1028599e-05,1.1411819e-05,0.00056482908,0.071755101,0.92581524
20180112-075335-2.jpg,8,8,0.0010704414,0.00056785628,0.00019381165,0.022222472,0.0012096682,0.00011005596,6.3882524e-05,0.0055036087,0.9690582
20170705-164732-0.jpg,7,7,0.001255674,0.00013107667,6.0148021e-06,4.9396119e-05,1.0398648e-05,4.7988167e-06,5.2351049e-06,0.99748975,0.0010476563
20171219-112824-3.jpg,8,8,0.0021865535,0.05984963,0.074035999,0.00029050038,0.010499085,0.00028516233,0.044409294,0.0049762113,0.80346756
20180112-071319-2.jpg,8,8,0.0011010141,0.00045201653,0.00027286112,0.0069054535,0.0016347724,5.1581743e-05,0.00012597689,0.0013250649,0.98813126
20171025-075917-3.jpg,3,3,0.00014567532,4.5585506e-05,4.0380461e-07,0.97494248,4.0909615e-06,2.6225832e-05,1.9112351e-06,6.1120354e-05,0.024772503
20170920-115330-2.jpg,2,2,5.7188084e-07,1.1045811e-06,0.9999545,2.1793833e-06,3.1796701e-05,6.7561065e-07,8.7968862e-07,7.6455006e-07,7.5263048e-06
20171109-085941-1.jpg,5,5,0.00061436629,0.00042937422,8.9457195e-05,2.5702119e-05,0.00011046649,0.99774465,0.00034720949,9.9238427e-05,0.00053953293
20180109-094939-2.jpg,8,8,4.9834156e-06,4.1113787e-06,1.1891244e-05,3.2226111e-06,7.459252e-05,1.4203106e-05,7.5215677e-06,9.1276534e-06,0.99987035
20171218-103241-3.jpg,8,8,7.2242233e-06,4.9851187e-05,1.7315905e-06,1.9336174e-07,5.2002601e-07,6.602512e-06,2.1809627e-06,3.2638836e-05,0.99989906
20171219-105739-3.jpg,8,8,0.00013179612,0.00094352493,2.2775127e-05,3.951965e-06,8.0179916e-06,0.00036314918,1.1674233e-05,0.00015152262,0.99836359
20180112-083600-1.jpg,8,8,1.1912241e-06,4.8423249e-05,8.7028711e-06,9.3015092e-06,6.8804183e-06,3.5046899e-06,2.3007373e-05,3.1803697e-05,0.99986718
20170210-131933-0.jpg,0,0,0.99977471,6.6142886e-05,2.4211187e-05,1.3126353e-06,1.7856972e-06,4.452517e-05,1.0006299e-06,6.5809835e-05,2.0500591e-05
20171121-075143-1.jpg,6,6,2.8288953e-05,0.00020023937,3.2160308e-06,4.5709422e-06,5.2791462e-06,7.2941739e-06,0.99957366,0.00016880275,8.6522001e-06
20180105-092305-2.jpg,8,8,1.2400877e-05,1.1417e-05,1.1334287e-05,1.5821119e-05,2.064684e-05,1.3204994e-05,0.0053823133,0.00018792102,0.99434494
20171113-140720-2.jpg,6,6,7.841957e-06,2.0554758e-05,3.6875409e-06,2.9769985e-06,2.5675673e-06,2.3990874e-06,0.9998639,8.4086941e-05,1.1983055e-05
20180109-101225-1.jpg,8,8,0.00032919696,0.0001685338,4.6040303e-05,0.00018097944,3.1015686e-05,7.3647853e-05,0.00011256576,0.0020750733,0.99698295
20171201-115953-1.jpg,8,8,0.00021193214,0.0017324074,3.4562981e-05,0.00036326251,4.2812321e-05,0.018872252,0.0012008044,0.00037915412,0.97716281
20171220-082605-2.jpg,8,8,5.2593637e-06,0.00031293162,5.4955273e-06,1.1597445e-05,1.5718751e-05,0.00034565252,5.3042104e-05,9.6714662e-06,0.99924063
20171122-104241-1.jpg,5,5,0.0001223483,1.5770437e-05,6.4350432e-05,8.8877596e-06,2.5474225e-05,0.99963002,4.8717978e-05,6.7910207e-05,1.6525293e-05
20171109-095504-2.jpg,5,8,0.00010874469,0.00027535634,4.7065695e-05,0.00018233364,7.520606e-05,0.26925981,0.0003571994,6.8480815e-05,0.72962581
20170906-110845-1.jpg,3,3,0.00022412558,0.00046195473,1.4172385e-05,0.9972275,0.00039233908,0.00024381284,9.9555495e-06,5.9825141e-05,0.0013663098
20180125-131531-3.jpg,8,8,8.1050394e-05,0.00018995145,4.2479776e-06,3.8447912e-05,1.2867749e-06,5.4826894e-06,3.4720507e-05,0.00057997962,0.99906483
20180109-090405-2.jpg,8,8,0.00015210165,8.5930118e-06,1.4915899e-05,1.4301133e-05,8.4491699e-06,3.834578e-05,1.4021094e-05,0.00014182827,0.99960744
20170727-155543-1.jpg,4,4,8.1765505e-05,3.0550538e-05,0.00032754604,0.00011837757,0.9852223,3.6133602e-05,2.7739195e-05,7.457279e-05,0.014081013
20170728-152850-1.jpg,4,4,6.1768116e-05,3.7400543e-05,0.014612813,0.00020826655,0.97866009,7.1943519e-05,4.9123677e-05,3.9811053e-05,0.006258784
20171212-102147-3.jpg,8,8,4.0744047e-05,8.7345937e-05,1.0407899e-05,4.133968e-05,2.3971196e-05,1.0187397e-05,2.9464409e-05,0.0004304788,0.99932606
20171218-104344-3.jpg,8,8,0.00018783029,0.00025526077,5.7899483e-05,1.4913207e-05,2.7301612e-05,0.00032421658,0.00077684822,0.0017233692,0.99663236
20180125-134425-2.jpg,8,8,5.8525324e-06,0.0002919315,1.9052741e-06,3.4416582e-06,6.6996974e-05,6.201632e-06,1.2477844e-05,3.7848516e-05,0.99957334
20180112-074554-2.jpg,8,8,0.0076835317,0.00017149697,0.00021963492,0.00097588019,3.4834579e-05,0.00015867669,7.5303037e-05,0.011169365,0.97951128
20170210-133023-0.jpg,0,0,0.9997589,3.0530264e-06,1.7335535e-05,9.4420176e-07,1.6740425e-06,6.2380973e-05,1.2027826e-06,0.00011077905,4.3731016e-05
20170920-160348-3.jpg,2,2,2.1491956e-05,4.6256056e-06,0.99822194,8.577181e-05,0.00057249359,1.9384494e-06,1.1471512e-05,5.3635112e-05,0.0010266319
20170127-102243-0.jpg,1,1,0.00016636828,0.99754951,4.9167189e-06,2.3151413e-05,9.850304e-06,4.6818066e-06,0.00015563009,0.00041430477,0.0016715881
20170920-184353-1.jpg,2,2,0.00047007553,0.001184216,0.98693686,0.0051549831,0.0032232748,0.001331107,0.00040008296,0.00069721722,0.00060217839
20171218-104033-3.jpg,8,8,0.015224732,0.19074554,0.0007213149,0.00026183755,0.00022668043,0.15685255,0.0074230614,0.0052618986,0.62328239
20171220-083917-2.jpg,8,8,0.00038685137,4.5346348e-05,1.8229278e-05,3.4631723e-05,4.1059211e-06,5.2745383e-05,5.1519595e-06,0.00018384863,0.99926909
20170210-131730-0.jpg,7,7,0.00010190371,3.8108054e-06,1.0169256e-05,1.2094738e-06,3.4406763e-07,1.4451119e-05,2.5634125e-05,0.99984126,1.2202422e-06
20180119-114225-1.jpg,8,8,7.2032736e-05,0.00032620321,2.3564367e-06,3.1610487e-06,9.5619338e-06,8.5610295e-06,2.5634212e-05,0.00010532482,0.99944716
20180119-110326-1.jpg,8,8,0.00033876576,0.00034249508,2.4867647e-05,0.0017734676,3.5978883e-05,0.0002010168,0.0015238468,0.00062776679,0.99513179
20180109-103846-2.jpg,8,8,5.5592664e-05,0.00011645941,0.00038630157,0.0014899654,0.00081418036,3.8827966e-05,0.00013274382,0.0012760542,0.99568987
20171220-094813-2.jpg,8,8,0.0012029895,0.0054228628,4.186501e-06,0.00013934284,7.7701279e-06,0.00078929583,0.0028932684,0.0016042119,0.98793607
20171220-090436-2.jpg,8,8,0.0047456197,9.3992671e-05,5.3871625e-06,0.00025958952,2.8989505e-06,0.0071798325,2.1526145e-05,0.0012772614,0.98641389
20171102-102346-3.jpg,2,2,3.9261917e-06,1.1324466e-05,0.99917271,1.4302833e-05,0.00066602886,3.5644669e-05,7.6830843e-06,5.7663619e-06,8.2613243e-05
20180125-130130-2.jpg,8,8,9.3588989e-05,9.9145813e-05,1.2351109e-06,2.1644649e-06,8.0725333e-06,1.4498887e-05,8.3904428e-06,0.0001959428,0.99957696
20170410-153701-0.jpg,7,7,0.11783651,0.0031053197,9.3860048e-05,3.2496527e-05,5.2371095e-05,5.8434385e-05,0.00020790462,0.87781824,0.00079485756
20171121-073424-1.jpg,6,6,5.2091486e-06,0.00078766217,3.6203896e-06,3.9428088e-06,4.9172433e-06,8.715175e-06,0.99897529,4.1843989e-05,0.00016879614
20180112-082118-1.jpg,8,8,0.00031872439,4.5175273e-05,2.61953e-05,0.00015239399,2.2116697e-05,2.0433925e-05,0.00010836395,0.0027922513,0.99651435
20170706-110255-0.jpg,4,7,0.027144357,0.0068456846,0.00042024071,0.0015691135,6.9358264e-05,0.0003566367,0.0043742989,0.78161856,0.17760175
20170128-102105-0.jpg,8,8,2.9489759e-05,0.00011333861,2.0120534e-05,9.010914e-06,4.5408849e-06,1.36268e-05,5.9066205e-05,0.0003161205,0.99943469
20171220-094820-2.jpg,8,8,0.00026128223,0.00099911269,1.0442926e-05,2.0322122e-05,5.5060407e-06,5.3571155e-05,9.7688916e-05,0.0031629866,0.99538909
20170706-111508-0.jpg,7,7,0.0056612257,0.0012430774,0.0064074371,0.015682385,0.00086651945,3.2239839e-05,0.00036913486,0.78987396,0.17986402
20180109-071511-2.jpg,8,8,4.6658859e-05,2.3718203e-05,0.00011257362,2.3888645e-05,2.6876961e-05,2.5114143e-05,0.0062732427,0.0015952665,0.99187266
20170913-125611-1.jpg,5,5,0.00042671344,4.9628443e-05,5.9106301e-05,7.2872032e-05,0.00015986278,0.9991216,6.0581985e-06,4.6179164e-05,5.7974976e-05
20180109-102754-2.jpg,8,8,0.00019330848,0.00022996035,0.00045217655,0.003703757,0.0024338412,3.5899962e-05,0.00019605064,0.0010381903,0.99171682
20171121-090759-1.jpg,6,6,4.525818e-05,0.004169615,5.0277473e-06,4.8167534e-06,1.269008e-05,4.9145856e-06,0.99561991,9.7191839e-05,4.0580748e-05
20170729-085955-3.jpg,4,4,4.1648875e-06,1.4980325e-05,3.2958979e-05,5.1362788e-06,0.99891824,2.3619356e-06,3.0806242e-06,2.8947173e-06,0.0010161826
20171212-095958-1.jpg,8,8,5.1606838e-06,1.1392268e-05,1.2720094e-06,1.981934e-06,2.2738452e-06,0.0001412019,9.0901869e-06,5.6318555e-06,0.999822
20171220-090244-2.jpg,8,8,7.5086424e-05,0.0003817893,7.3620557e-07,1.5086726e-05,8.7369968e-07,2.4712629e-05,8.1979729e-06,6.5323304e-05,0.99942819
20180105-101333-2.jpg,8,8,3.3355066e-05,4.5805016e-05,1.4697092e-05,6.1846797e-06,0.0001406079,1.1672259e-05,0.00063441203,0.00017826758,0.998935
20180105-101216-2.jpg,8,8,2.2552012e-05,1.8840279e-05,2.8135062e-05,7.9327963e-05,5.1674328e-05,3.625064e-05,0.0017288205,0.00076350555,0.99727089
20170913-105923-2.jpg,3,3,8.5730103e-05,2.4424259e-05,3.4787563e-06,0.99940196,4.3321816e-05,0.00016782105,7.9819708e-06,2.0017195e-06,0.00026327806
20171025-074519-2.jpg,3,3,0.00021511377,2.5349964e-05,2.1203874e-06,0.9994447,1.8231097e-05,3.2844452e-05,4.9905687e-06,3.1106321e-05,0.00022554287
20180109-074324-2.jpg,8,8,2.1054099e-06,8.3017548e-05,1.8851797e-06,2.0681877e-05,1.2995975e-05,1.3482844e-05,8.1695711e-05,1.4611514e-05,0.99976952
20171219-094811-2.jpg,8,8,4.4024265e-06,9.1942713e-05,4.5026616e-07,1.3407466e-06,2.6971745e-07,1.0469169e-05,2.5391295e-06,2.1981652e-06,0.99988639
20171220-100335-1.jpg,8,8,2.1090848e-06,8.3545681e-05,2.0296593e-06,6.6303552e-06,2.5746857e-06,2.8849218e-05,2.5773101e-05,5.6440882e-06,0.99984284
20171025-093205-2.jpg,3,3,0.00073003021,2.7139445e-05,0.00013791541,0.99788443,0.00010434871,0.0003284523,1.2205211e-05,8.1583933e-05,0.00069389662
20180112-072341-1.jpg,8,8,2.0887132e-05,0.0032501212,1.2107421e-05,3.1364709e-05,3.3535282e-05,1.5440241e-05,0.00019506504,0.038691437,0.95775004
20171220-101143-1.jpg,8,8,4.6801798e-06,7.723432e-06,1.4312013e-06,1.04589e-06,1.0065985e-06,2.4569234e-05,3.9128981e-06,1.1401092e-05,0.99994423
20170304-131639-0.jpg,7,7,0.001376723,0.10925301,0.00020973648,3.3766636e-05,7.0865841e-05,3.6501786e-05,0.00022471399,0.88748758,0.0013071054
20170920-100505-2.jpg,2,2,1.0938179e-05,2.9384399e-05,0.99930923,1.27877e-05,0.00048674825,8.8959676e-06,1.8210756e-05,8.7490913e-06,0.00011505803
20170811-132431-1.jpg,0,0,0.99902214,1.3868994e-05,1.1743519e-05,3.0725939e-06,2.8434464e-06,0.0001674309,8.4342148e-07,0.00073180702,4.6249605e-05
20170920-095702-1.jpg,2,2,1.2432622e-05,2.5072574e-05,0.99934131,2.9049968e-05,0.00036626221,2.0077147e-05,2.8758575e-05,1.3154822e-05,0.00016388435
20170906-105324-1.jpg,3,3,0.0016010909,0.0001681298,0.00028426566,0.99014153,0.0031795202,0.00034362374,8.6057643e-05,0.00052668594,0.0036690926
20180109-072347-2.jpg,8,8,0.00069977083,0.00012666696,0.00062288083,0.00027402941,0.000393966,3.4254623e-05,0.0016859422,0.00096676533,0.99519572
20180322-112301-2.jpg,8,8,1.5053855e-05,4.9758374e-05,5.1454626e-06,2.9523998e-05,9.2571811e-06,0.00017396091,1.7601926e-05,3.8167e-05,0.99966153
20170920-115421-3.jpg,2,2,1.0319654e-06,1.3236263e-06,0.99996702,3.2816499e-06,1.5280468e-05,4.0064417e-06,1.086939e-06,1.5002812e-06,5.4733116e-06
20171102-103242-2.jpg,2,2,4.5994338e-06,4.2939684e-06,0.99969739,2.1154213e-06,0.00013079678,1.3241097e-06,2.1938538e-06,5.4228974e-06,0.00015186664
20180112-080609-2.jpg,8,8,0.0012629794,0.00035973031,0.00060887993,0.0010482573,5.5224439e-05,0.00011072062,3.4647471e-05,0.0013351389,0.99518442
20170129-102757-0.jpg,8,8,0.00054506869,0.0013067732,0.00011311331,0.00042131769,0.00031905033,0.0003537713,0.00020169263,0.00020758355,0.99653163
20180109-103926-2.jpg,8,8,0.0018873445,0.00043264874,0.0097968724,0.061201142,0.0020023139,0.00035530912,0.00034815606,0.01812561,0.9058506
20180322-121116-2.jpg,8,8,6.4836103e-07,4.5869871e-06,8.8465984e-07,6.8474261e-07,7.8741427e-07,3.6288088e-06,1.9510308e-06,3.215219e-06,0.99998361
20171121-091226-3.jpg,6,6,1.7398144e-05,0.00037273848,2.4693406e-06,9.0364967e-06,5.262702e-06,6.7184939e-06,0.99937377,0.00013945175,7.3154383e-05
20170210-142635-0.jpg,7,7,0.00026289229,1.1907224e-05,5.6366642e-05,2.8213276e-06,1.2024067e-06,7.545488e-05,9.8556068e-06,0.99957511,4.393529e-06
20170728-121202-2.jpg,4,4,2.5451697e-05,1.3703184e-05,4.152326e-05,7.6698905e-06,0.99799362,3.6584513e-06,6.3435173e-06,4.4332875e-06,0.0019035997
20171113-132227-1.jpg,6,6,0.00018228191,0.0031670647,9.6285657e-06,7.5543352e-06,8.2802121e-06,4.1436318e-05,0.99494165,0.0016132883,2.8818419e-05
20180322-113506-2.jpg,8,8,4.2623194e-06,2.1073569e-05,1.7712747e-06,1.881065e-06,3.281242e-06,2.738329e-06,7.7754545e-06,1.9818345e-05,0.9999374
20180112-094746-2.jpg,8,8,4.4557741e-06,2.2301724e-06,6.5333362e-06,4.770681e-07,1.0468175e-05,9.1578622e-06,4.6573878e-06,2.738043e-06,0.99995928
20170501-144221-0.jpg,1,1,9.3434824e-05,0.99977642,4.5545624e-06,1.1453609e-06,1.4693853e-05,3.6476059e-06,2.3008435e-05,3.4836693e-05,4.8257074e-05
20170906-100700-1.jpg,3,3,0.00013569485,3.655578e-05,9.2869558e-06,0.99807722,4.7312058e-05,6.7745966e-06,6.8800424e-06,9.380594e-05,0.0015864687
20180109-103947-2.jpg,8,8,0.00035009561,5.3182728e-05,5.1527834e-05,0.00013429306,1.362628e-05,1.7949551e-05,1.450004e-05,0.0021571057,0.99720772
20171113-145332-1.jpg,6,6,4.5353803e-06,3.5793404e-05,4.4585341e-06,3.6362046e-06,6.5956096e-06,2.837799e-06,0.99989222,2.9942765e-05,1.9979666e-05
20170728-154830-1.jpg,4,4,5.2428508e-06,6.7648673e-06,2.4396209e-05,6.285347e-06,0.9994753,5.7540513e-06,2.8767173e-06,1.7169978e-06,0.00047166259
20171219-102206-2.jpg,8,8,4.0146054e-06,0.00018272894,1.1855604e-06,1.3088135e-05,1.1676911e-05,7.165366e-06,1.0517797e-06,1.0283445e-05,0.99976881
20170811-114903-1.jpg,0,7,0.36054361,0.02707755,0.00020046887,2.3087992e-05,9.5227362e-05,0.0021691378,0.0063047004,0.59401079,0.0095754321
20170718-132007-2.jpg,7,7,0.00027050462,0.00056871928,2.0237853e-05,2.1629011e-05,8.2327164e-06,1.5861739e-05,1.0171016e-05,0.99904494,3.9703329e-05
20170920-114105-3.jpg,2,2,1.0865782e-06,6.7786359e-07,0.99995638,6.2466107e-06,2.0007533e-05,7.0179744e-07,1.1147271e-06,9.5903934e-07,1.2825916e-05
20171218-122016-3.jpg,8,8,0.00040288334,9.5035793e-06,5.0892283e-06,0.00023475179,9.3324316e-06,0.0019675438,0.00010181975,0.00011572588,0.99715335
20170410-160127-0.jpg,7,7,0.00015237065,1.4837998e-05,3.8493779e-06,2.5389692e-06,3.9546796e-07,1.5391261e-06,8.0080211e-06,0.99975259,6.3866433e-05
20170210-133438-0.jpg,0,0,0.99810215,4.0364961e-05,0.00049321237,1.4031204e-05,3.4118852e-05,8.1689867e-05,7.4260999e-06,0.00082837941,0.00039862871
20180109-103659-2.jpg,8,8,0.00073375462,0.00040922319,0.00029475899,0.0034412612,0.002827313,0.00026275234,0.00023352404,0.0025690171,0.9892284
20180125-132847-2.jpg,8,8,6.2784015e-06,7.0167144e-05,5.784398e-06,2.62113e-06,4.6864814e-06,4.9050629e-05,8.5108955e-05,5.0205105e-05,0.9997261
20170210-130805-0.jpg,7,7,0.0010518246,1.457286e-05,6.0692666e-05,3.0117636e-06,1.9820398e-06,3.8288704e-05,1.8392914e-05,0.99880272,8.5176977e-06
20170129-102437-0.jpg,8,8,2.4014175e-05,0.00015146275,3.7089619e-05,3.7680438e-05,7.8579181e-05,0.00013210494,3.8455148e-05,3.8299141e-05,0.99946231
20180112-074922-2.jpg,8,8,1.2746989e-05,3.9074851e-05,2.3128919e-05,6.7349904e-06,1.5365325e-05,3.8635033e-06,4.2594427e-05,0.00024864649,0.99960784
20170705-161056-0.jpg,7,7,0.0019681736,0.00015415472,3.0615161e-06,5.4578601e-06,2.5160932e-07,1.133991e-05,2.4238761e-05,0.99727131,0.00056201251
20171220-084830-2.jpg,8,8,7.8301886e-06,2.9468741e-05,1.3429243e-06,1.7547721e-05,6.1271649e-06,0.00010549448,5.3115449e-05,2.6907268e-05,0.99975217
20170727-113505-1.jpg,4,4,2.7614794e-05,2.2059849e-05,2.8551494e-05,2.2855382e-05,0.99945405,6.7152436e-05,1.6755914e-05,1.2174085e-05,0.00034878997
20171220-092605-3.jpg,8,8,8.4919097e-06,1.9039121e-05,3.6634869e-07,1.8179478e-06,2.4803955e-07,4.5475426e-05,2.303518e-06,3.5972401e-06,0.99991866
20180112-091331-2.jpg,8,8,0.0018865675,0.00015445457,0.00051339334,0.00014073559,7.118592e-05,0.000524896,2.6887644e-05,0.006445199,0.99023668
20180109-085727-1.jpg,8,8,4.5372399e-05,5.7432862e-05,5.5420187e-06,0.0001483864,6.9324871e-06,0.00011566077,2.7843735e-05,0.00069524313,0.99889759
20170728-154121-1.jpg,4,4,6.9029456e-06,5.3627587e-06,1.9463903e-05,3.4511593e-06,0.99941907,3.1631029e-06,1.5874811e-06,3.2045356e-06,0.00053779686
20180125-095445-2.jpg,8,8,7.9078742e-05,3.6936849e-05,1.1039194e-06,0.00010106315,2.1038113e-06,0.00035533496,0.00015021933,6.0212456e-05,0.99921395
20180109-105722-2.jpg,8,8,2.9736163e-05,9.77352e-05,0.00013670586,6.7110022e-05,0.00010302447,0.00021950121,6.9495808e-05,0.00015480795,0.99912188
20171109-091843-2.jpg,5,5,0.0001011911,6.8732763e-05,4.5429302e-05,6.9451884e-06,1.6567461e-05,0.99961145,6.0056228e-05,3.2890007e-05,5.6736504e-05
20171220-084839-3.jpg,8,8,3.3495606e-06,1.2790229e-05,6.6525654e-07,1.1252459e-06,2.5857496e-06,3.4409163e-05,4.0733394e-06,7.5557719e-06,0.99993345
20171220-090834-3.jpg,8,8,5.5968527e-05,3.8193647e-05,3.5579261e-06,1.0010942e-05,1.0559327e-06,1.0244926e-05,2.3534126e-05,0.00024254151,0.99961489
20171121-071808-1.jpg,6,6,1.8626395e-05,0.00026489344,3.8241087e-06,1.4346784e-05,9.8181769e-06,1.1749177e-05,0.99921201,5.6074792e-05,0.00040865735
20171220-101319-2.jpg,8,8,0.00047017758,0.00043497888,1.2450195e-05,9.4274407e-06,1.7114282e-05,0.0023911631,0.00014666266,0.00021410662,0.99630392
20180119-113355-1.jpg,8,8,4.6959145e-06,0.00055041153,5.8873678e-07,7.3772989e-06,5.9076063e-06,1.1404027e-05,9.1491635e-05,1.0258947e-05,0.99931786
20171220-083556-2.jpg,8,8,2.8621074e-05,1.299208e-05,9.4670143e-07,7.0148891e-06,3.2905331e-07,1.3701206e-05,2.3321306e-06,7.4687135e-05,0.99985938
20171219-093202-2.jpg,8,8,0.0027337457,9.7128605e-05,3.6055865e-06,8.7963096e-05,1.9074333e-06,0.0002166483,3.5745569e-05,1.1161397e-05,0.99681209
20171219-105135-3.jpg,8,8,3.6373422e-05,7.904055e-06,2.6623649e-05,5.3592366e-06,3.3343463e-06,1.658709e-05,7.2574247e-06,5.063748e-05,0.99984592
20170920-132601-2.jpg,2,2,7.7299713e-05,0.00066803146,0.99782359,0.00029056361,0.00036540521,0.00043516984,2.0315178e-05,4.6077838e-05,0.00027355179
20180112-072415-1.jpg,8,8,0.00019708293,0.0014061586,1.9333236e-05,4.7714422e-05,8.0463884e-05,4.5570119e-05,0.00087217731,0.0059770734,0.99135443
20171201-123729-3.jpg,8,8,0.0010990343,0.00030027968,5.5530949e-05,4.8383056e-05,0.00010048632,0.02735491,0.00027765436,0.00087635375,0.96988737
20170906-112514-1.jpg,3,3,0.0014604327,0.00060301984,0.00011095063,0.99587602,0.00045549194,0.00030410494,0.00013764727,0.00035263646,0.00069969778
20170729-091939-2.jpg,4,4,1.4630537e-05,1.3352442e-05,2.8474199e-05,2.0884955e-05,0.99843216,2.1633664e-06,8.0125468e-06,1.195681e-05,0.0014683623
20180322-120051-2.jpg,8,8,7.9754952e-07,5.2718232e-06,9.9850037e-07,1.7055249e-06,5.4391622e-07,1.9698074e-06,5.2048205e-06,1.072332e-05,0.99997278
20170705-161748-0.jpg,7,7,0.0031720923,0.00028479638,8.5788069e-06,6.7283394e-05,4.2093701e-06,9.5199324e-06,2.484665e-05,0.99521123,0.0012174409
20171109-093229-2.jpg,5,5,0.0001411372,0.00095130818,1.6501295e-05,1.5504967e-05,9.4264906e-06,0.97597073,0.00018883893,1.9378701e-05,0.022687171
20180125-134340-3.jpg,8,8,2.6545324e-05,0.00017987463,1.8648663e-05,2.1668376e-05,4.2883864e-05,7.2745608e-06,9.0020323e-05,0.0013561793,0.9982569
20171203-173509-3.jpg,8,8,1.0877239e-05,0.00016094528,3.1185771e-06,8.382016e-06,4.7679157e-06,9.0630343e-06,0.00012581453,3.5983885e-05,0.99964105
20171218-120245-2.jpg,8,8,1.2816777e-05,7.6738185e-06,1.6226774e-06,4.7631354e-06,2.9255776e-06,0.00015867783,9.0011486e-06,1.5270985e-05,0.99978725
20180112-074651-2.jpg,8,8,0.072885562,0.001747275,0.0014310597,0.00038374994,0.00082353888,8.2723773e-05,8.5750098e-05,0.0026827203,0.91987762
20171218-110528-3.jpg,8,8,2.4699563e-05,2.0308773e-05,4.7938436e-06,5.9456063e-06,1.9722886e-06,0.00019385906,1.4406145e-05,3.1046331e-05,0.99970297
20170217-100027-0.jpg,7,7,0.001013253,1.3963097e-05,2.6053319e-05,1.342003e-06,9.7411552e-07,7.6561724e-05,1.8058698e-05,0.99883943,1.0368654e-05
20171121-072315-1.jpg,6,6,3.5213713e-05,0.00040824388,4.2086904e-06,6.2343913e-06,5.3935354e-06,1.9455409e-05,0.99895067,0.000141597,0.00042898763
20171219-095636-2.jpg,8,8,0.00010090746,4.1708536e-05,1.4345835e-06,2.6277781e-06,4.0417457e-07,2.1979388e-05,2.8183168e-05,1.7248895e-05,0.99978551
20171219-093410-3.jpg,8,8,2.0044639e-05,0.0011300348,2.4539771e-06,2.6802124e-06,1.1120809e-06,6.4099575e-06,2.7267641e-06,4.4025691e-05,0.99879051
20180109-103711-2.jpg,8,8,0.00010294266,0.00015142196,0.00058305642,0.0026237179,0.001530882,0.00019137831,0.00077924336,0.001203903,0.99283345
20170728-151644-1.jpg,8,8,0.002317952,0.0036581263,0.00025576016,0.00057394382,0.0018791811,0.00025626764,0.00024813046,0.0010796262,0.98973101
20171218-103405-3.jpg,8,8,2.4318223e-06,9.6603996e-06,4.6469386e-06,9.3114924e-07,1.1039995e-06,3.0494755e-07,3.0567942e-07,3.4153912e-05,0.99994646
20171220-083743-2.jpg,8,8,4.9614945e-05,3.659576e-06,1.3440354e-06,1.3791302e-05,2.5821445e-06,5.0391111e-05,3.3502403e-06,5.5415752e-05,0.99981985
20170714-143055-2.jpg,1,1,9.7044356e-05,0.99864925,1.0930827e-06,1.0036197e-05,2.1304055e-05,2.0802252e-06,1.6508596e-06,0.00014307691,0.0010744691
20170920-111023-2.jpg,2,2,2.3910886e-06,8.2218039e-06,0.9998514,4.8296913e-06,7.2606884e-05,8.9301024e-06,5.6160605e-06,1.3722816e-06,4.46355e-05
20180125-100950-1.jpg,8,8,1.1216323e-05,1.428344e-05,1.5035005e-05,3.8871938e-06,0.00031816335,1.8066882e-05,3.9630596e-05,3.3766516e-05,0.99954595
20171220-093359-3.jpg,8,8,0.00036409512,5.4187358e-05,1.697994e-06,0.00087359639,2.3049237e-06,7.5339898e-05,5.427806e-05,0.00045565674,0.99811884
20170630-154315-0.jpg,7,7,0.00029670646,2.5623266e-05,1.1011099e-05,1.9234282e-06,7.1296217e-07,1.313467e-05,5.673808e-05,0.99959089,3.2628649e-06
20170714-142536-3.jpg,1,1,8.7080385e-06,0.99995687,1.0853996e-06,6.7826743e-07,3.2493146e-06,1.015376e-06,7.8004126e-07,9.3137756e-06,1.8303892e-05
20171025-095009-1.jpg,3,3,0.0011550107,3.8233938e-05,8.6103639e-05,0.99599798,0.00020997556,0.0011912493,6.7650673e-05,0.0001846667,0.0010691307
20180105-093310-2.jpg,8,8,0.0030792171,0.00027224357,0.00038124046,0.00036276164,0.0005575492,0.00013104403,0.0227022,0.037423653,0.93509009
20170210-131423-0.jpg,7,7,0.00022798359,8.5747399e-06,3.3880548e-05,1.7277252e-06,1.178935e-06,3.1841413e-05,1.017617e-05,0.999681,3.6348962e-06
20171113-115920-3.jpg,6,6,1.9573733e-05,4.2885451e-05,2.3389178e-05,1.8455733e-05,1.2620465e-05,1.265326e-05,0.99852138,0.0013173649,3.1680746e-05
20171113-145759-3.jpg,6,6,4.5068288e-06,4.6750688e-05,3.4510968e-06,1.9314448e-06,4.9292471e-06,3.4719809e-06,0.99984883,5.3776892e-05,3.2356365e-05
20180119-110358-2.jpg,8,8,8.437604e-05,0.00014046154,1.2684508e-06,2.161746e-06,4.9713872e-06,4.7556e-06,2.6184903e-05,3.0900155e-05,0.99970492
20170718-131906-2.jpg,7,7,0.0010833298,0.00023893935,1.0437119e-05,1.7091694e-05,8.5416621e-06,4.3816422e-06,1.453228e-05,0.99854331,7.9435791e-05
20171218-110905-2.jpg,8,8,0.00020478308,1.7713537e-05,4.8807667e-05,0.00031198531,1.0554401e-05,8.9551127e-05,1.9621502e-05,0.00024218048,0.9990548
20180112-070622-2.jpg,8,8,0.0013614093,0.00039498617,9.7289346e-05,0.0025764799,0.00016142967,7.4198266e-05,0.00015666947,0.010092886,0.98508465
20180125-091618-2.jpg,8,8,1.5032469e-06,2.4573529e-05,1.7452862e-06,6.0231315e-07,5.4008709e-06,4.5843371e-06,9.3611002e-06,2.1357034e-05,0.99993087
20180322-133812-1.jpg,8,8,3.099143e-05,0.00030294855,3.3601332e-05,9.4309918e-05,0.0001529025,4.5164248e-05,1.9431167e-05,8.6870495e-05,0.99923378
20180109-095847-2.jpg,8,8,0.003577321,0.11428757,0.0083107812,0.0024981246,0.0030219689,0.0025568977,0.00092669254,0.37728618,0.48753447
20170129-102006-0.jpg,8,8,0.00033752929,0.012320519,0.00022423439,4.8784702e-05,0.00019588635,9.6226143e-05,8.1084607e-05,0.00016435741,0.98653138
20171219-102046-2.jpg,8,8,8.7618491e-06,3.3378927e-05,1.3423722e-06,7.8291277e-06,3.1283462e-05,2.1608295e-06,5.3055626e-07,4.4022723e-06,0.99991031
20170217-121224-0.jpg,0,0,0.99982421,2.6011112e-06,1.4298333e-05,9.6655816e-07,1.9783816e-06,1.8137117e-05,1.9153085e-06,0.00013041336,5.481757e-06
20170727-124501-3.jpg,4,4,1.5797031e-06,1.5221042e-06,1.9977597e-05,2.710847e-06,0.99975092,1.0779372e-06,2.9821644e-06,9.3360186e-07,0.00021830022
20171205-123619-2.jpg,8,8,0.00020928577,9.0793851e-05,4.9766789e-06,8.1506151e-06,2.9294896e-06,0.00016626986,1.0390765e-05,0.00021686166,0.99929034
20180119-104537-2.jpg,8,8,4.827662e-05,0.0048590656,2.3354257e-05,1.1658282e-05,4.249734e-05,2.6833592e-05,5.3220365e-05,0.00010679083,0.9948283
20171203-172336-3.jpg,8,8,0.0069817124,0.0070618948,0.094687,0.0057313838,0.017445255,0.0020631728,0.002594564,0.0066521738,0.85678284
20171218-104645-3.jpg,8,8,1.8810873e-05,0.00018938373,2.8786368e-06,7.5321746e-06,4.9718859e-06,0.00029103391,3.051377e-05,1.510802e-05,0.99943977
20171109-093438-2.jpg,5,5,0.0021277622,0.0100189,3.3307998e-05,4.9452188e-05,7.2788032e-05,0.78568678,0.0045556415,0.00087198492,0.19658338
20171102-103136-3.jpg,2,2,8.826403e-06,1.2159037e-05,0.97687042,1.4548324e-05,0.022300894,2.5929717e-05,2.3660993e-05,4.1990874e-06,0.00073936546
20170705-164230-0.jpg,7,7,0.0043378062,0.0012255062,0.00019918585,0.0053766469,0.00011061728,1.5546882e-05,5.2129355e-05,0.89531468,0.093367884
20171113-060840-1.jpg,6,6,8.5627596e-05,0.00036149743,3.8675726e-06,4.9558255e-06,3.4421643e-06,1.4507133e-05,0.99922349,0.00028426364,1.8349277e-05
20170315-090222-0.jpg,8,8,0.00010776582,0.00014228629,4.3559215e-05,0.00025639976,0.00019768207,0.00014723736,8.9095638e-05,0.00029361799,0.99872236
20170920-131847-2.jpg,2,2,2.8176672e-06,1.1647094e-05,0.99990197,1.1157331e-05,2.2536041e-05,4.5378707e-06,2.4581565e-06,3.597719e-06,3.9275138e-05
20171218-111605-2.jpg,8,8,0.00060025614,6.6241912e-05,0.0016332643,2.4252432e-05,1.1068869e-05,3.2624226e-05,4.9847791e-06,0.00023895064,0.99738836
20170906-094844-2.jpg,3,3,0.0070725971,0.0005682513,0.28016932,0.5922982,0.0013748171,0.00069398023,0.00062942807,0.0037208133,0.11347259
20170913-122837-3.jpg,3,3,0.0047691407,0.003813352,0.00064891979,0.93966639,0.002374094,0.0015234238,0.00014378548,0.0075352352,0.03952566
20170705-160831-0.jpg,7,7,0.0073517577,0.00051477478,0.00015991861,0.00070037436,7.4653465e-05,3.0643647e-05,2.5874407e-05,0.98102792,0.010114083
20180109-090332-1.jpg,8,8,8.1521965e-05,0.00055483241,3.218317e-06,0.00054177334,5.2524722e-05,0.0001459358,0.00036599504,0.00045342928,0.99780077
20180112-093023-1.jpg,8,8,3.6057971e-06,2.9821963e-05,1.5321557e-06,1.3742658e-06,7.1081502e-06,2.7432561e-06,0.00011300793,7.5080318e-05,0.99976573
20170210-133138-0.jpg,0,0,0.97734171,0.0053446296,0.00015491445,0.00027393988,0.00029191937,0.00045911776,0.00031826893,0.009350552,0.0064649508
20170913-104016-3.jpg,5,5,0.0047075335,0.00035484674,0.0025583968,0.0034943391,0.0041434489,0.941372,0.00098039416,0.012129516,0.030259524
20171113-144457-1.jpg,6,6,1.1966213e-05,0.00019832993,1.8131913e-06,1.7772273e-06,1.3047873e-06,1.7211625e-05,0.99955001,4.3708978e-05,0.00017387554
20170913-102022-2.jpg,3,3,1.788842e-05,1.4336442e-05,2.0164316e-06,0.99974262,1.8181184e-05,0.00011144942,2.4780566e-06,1.3265577e-06,8.9705394e-05
20171220-085407-3.jpg,8,8,6.2488962e-06,1.5697028e-05,4.0799394e-06,4.8609472e-06,6.3027515e-06,0.00066279444,6.1629708e-05,1.5366837e-05,0.99922302
20170728-154037-3.jpg,8,8,0.0011809188,0.0028949619,5.0245449e-05,0.0008549842,0.35699216,0.00017880792,0.00016235627,0.00043071017,0.63725486
20180109-104510-1.jpg,8,8,1.0994885e-05,6.6729326e-06,3.7585157e-06,3.0288954e-05,3.5580037e-05,4.9571266e-06,5.0233189e-06,0.00010486618,0.99979786
20180109-070915-2.jpg,8,6,0.0027511361,0.0029598575,5.7720134e-05,0.0029930149,0.00087490044,0.00038396387,0.62531203,0.016420298,0.34824708
20170522-093600-0.jpg,1,1,0.00026411881,0.99884153,5.9385848e-06,1.6958751e-06,1.6584821e-05,4.8542813e-06,9.8128361e-05,0.00070667599,6.0469035e-05
20171219-101538-3.jpg,8,8,3.8637528e-05,6.6607356e-05,6.8082492e-06,1.4597766e-05,9.0250524e-06,0.000385372,0.000193421,8.7931131e-05,0.9991976
20180109-074243-2.jpg,8,8,3.0535744e-06,1.926854e-05,7.8488151e-06,6.9558623e-05,1.8519185e-05,3.30049e-05,2.5444215e-05,2.8978029e-05,0.99979432
20171219-114240-2.jpg,8,8,0.00014404683,5.2731496e-05,0.00031743245,6.7002956e-05,1.8121969e-05,1.1972605e-05,0.00020996234,0.00058200283,0.99859673
20180119-110948-2.jpg,8,8,0.0026324197,0.00061679992,3.5152481e-05,0.0024776468,0.00020203177,6.5860511e-05,0.00014416894,0.0016237674,0.99220215
20170718-133513-2.jpg,7,7,2.4484188e-05,3.7917998e-06,3.2357297e-06,5.1001084e-06,5.0503276e-07,9.6967574e-07,5.6224258e-06,0.99988322,7.3073956e-05
20171218-114611-3.jpg,8,8,2.0808353e-05,2.7510005e-05,9.1072434e-07,1.4313152e-05,3.3495128e-06,0.0001022809,0.00012900558,2.5536608e-05,0.99967629
20180109-071956-1.jpg,8,8,2.3829306e-05,6.5049828e-05,2.8478471e-06,7.28657e-06,7.0948561e-05,1.8451077e-05,0.00066579019,0.00024471437,0.99890108
20170906-104356-1.jpg,3,3,0.0063782166,0.00055660146,0.000433359,0.97643847,0.011524871,0.00080221977,0.0001422652,0.0012441919,0.0024798037
20180322-102858-1.jpg,8,8,1.320302e-05,6.1836432e-05,1.5253807e-06,1.5855926e-05,3.5323676e-05,5.9657433e-06,3.121674e-06,2.5921269e-05,0.99983725
20180109-075132-1.jpg,8,8,3.1029834e-05,4.1325782e-05,2.4422786e-05,3.4360284e-05,2.56492e-05,9.8882511e-06,0.0012018341,0.0014232359,0.99720825
20170704-151544-0.jpg,0,0,0.99993188,2.3299845e-06,4.3613308e-06,1.0120779e-06,1.8989527e-06,5.9758628e-06,6.7560686e-07,4.5384503e-05,6.4798608e-06
20170718-132036-2.jpg,7,7,0.1462589,0.024758697,0.00088493682,0.00052383,0.00028132265,0.00017243615,0.00045944141,0.80729792,0.019362518
20180119-114305-1.jpg,8,8,0.00038887153,0.0036841186,2.0947209e-05,6.5132823e-05,2.5423062e-05,4.4660595e-05,0.0001293366,0.0022560713,0.99338544
20180109-071515-1.jpg,8,8,3.4469742e-05,5.833244e-05,3.0374008e-05,0.00012024263,0.00014526279,1.7736983e-05,0.0014194892,0.00013017536,0.99804392
20170906-135456-4.jpg,3,3,0.0027716072,0.006232849,0.3293844,0.53794647,0.08133672,0.00048196494,0.00018383022,0.0014958785,0.040166287
20180322-130715-1.jpg,8,8,5.4140106e-06,3.6992024e-05,1.1091602e-05,6.9367763e-06,1.4887541e-05,1.6769651e-05,5.9490809e-06,1.5284021e-05,0.99988668
20180109-074146-1.jpg,8,8,3.9377598e-05,3.1778501e-05,2.7165415e-05,6.2578316e-05,1.0562572e-05,1.5011867e-05,0.0020787332,0.0014640358,0.99627076
20171121-073705-1.jpg,6,6,2.6423422e-05,0.00043865068,4.5382122e-06,1.7102355e-05,7.3742711e-06,6.0491054e-06,0.99919725,0.00020296973,9.9637934e-05
20180105-092734-2.jpg,8,8,0.00025560399,0.0069593921,0.00012045352,0.00019870861,0.00085186318,1.9044935e-05,0.0070817574,0.0012096821,0.98330349
20171025-092025-1.jpg,3,3,0.0028751682,8.6476347e-05,0.00015959157,0.99362366,0.00024959672,0.001161604,6.1316106e-05,0.00032726655,0.0014553219
20171218-111830-3.jpg,8,8,0.00016054188,0.0004033066,1.6674502e-05,8.1366098e-06,1.2518489e-05,0.0032158267,7.0157811e-05,0.00011311114,0.99599973
20170129-103718-0.jpg,8,8,0.00042857386,0.0071158405,2.4637764e-05,9.3623237e-05,5.5935971e-05,0.00055486417,3.0710178e-05,0.0001499946,0.99154582
20170501-142943-0.jpg,1,1,1.2819402e-05,0.99983901,1.8892154e-06,2.7104772e-07,5.3859545e-06,2.0503943e-06,3.3962352e-05,1.5994336e-05,8.8621794e-05
20171205-133742-2.jpg,8,8,0.00055825449,7.24331e-05,2.3215656e-06,3.2711863e-05,2.0105555e-06,8.6168015e-05,1.1327188e-05,9.5298329e-05,0.99913947
20171201-115911-1.jpg,8,8,9.7126276e-05,8.2168185e-05,2.3725926e-05,4.501926e-05,1.0466615e-05,0.0045360616,9.5721306e-05,0.00021426885,0.99489544
20180322-121833-2.jpg,8,8,1.5754363e-06,4.6726029e-05,5.8750968e-07,1.1891163e-06,1.6264095e-06,4.1432454e-05,1.329054e-05,0.00011885036,0.99977472
20180125-091530-2.jpg,8,8,5.5593875e-06,9.4603826e-06,7.8323299e-07,8.5878245e-07,1.2986353e-05,4.9055365e-06,1.4150019e-05,2.0688293e-05,0.99993061
20171102-120702-2.jpg,2,2,2.2375557e-05,1.4817834e-05,0.99953551,2.276303e-06,0.00032091652,5.0993125e-06,4.5562367e-06,3.0028595e-06,9.1450295e-05
20171212-105943-3.jpg,8,8,3.623022e-06,0.00010892245,2.9331151e-05,9.5117782e-05,2.8740947e-05,3.3580643e-06,3.3564248e-05,1.8276423e-05,0.99967907
20170920-095153-2.jpg,2,2,7.920106e-06,2.1684775e-05,0.9994613,4.5027482e-05,0.00032058258,1.4603607e-05,2.3071034e-05,1.204126e-05,9.3766982e-05
20180125-093345-2.jpg,8,8,5.9501869e-07,4.7271983e-05,1.0667455e-06,3.1493613e-07,2.4648916e-06,8.021308e-06,8.1960741e-06,1.1952212e-05,0.99992012
20170714-140605-1.jpg,1,1,8.4823665e-05,0.97967248,3.06256e-05,1.8236968e-05,3.2100185e-05,4.5922637e-05,9.3168011e-05,0.0001887566,0.019833885
20170811-124947-2.jpg,0,0,0.99988828,1.6845339e-06,9.448652e-06,1.03125e-06,1.5165297e-06,1.2745307e-05,1.6278166e-06,6.7267233e-05,1.6395424e-05
20171113-100514-3.jpg,5,5,0.00034731844,4.8497001e-05,6.9715474e-05,8.8763455e-06,4.2250781e-05,0.99924748,8.8572983e-05,8.9756548e-05,5.7531443e-05
20171218-115107-3.jpg,8,8,0.00032959499,0.0002229324,6.4612776e-05,0.00013382755,3.3614019e-05,0.00015194258,0.00016182702,0.00041450179,0.99848715
20170913-103603-2.jpg,3,3,4.225905e-05,9.8857947e-06,1.1536097e-06,0.99939019,1.4680045e-05,0.00053086528,1.3314888e-06,2.0449817e-06,7.5927523e-06
20180119-111428-1.jpg,8,8,0.001532433,0.031604997,2.321793e-05,9.0233952e-05,2.6114881e-05,0.00025731291,0.0094652784,0.0040183035,0.95298211
20170315-085715-0.jpg,8,8,0.00027518398,0.00044977985,0.00012049033,0.00023559234,0.00028672295,0.00028083986,0.00016540042,0.0020414275,0.99614456
20180322-112537-1.jpg,8,8,3.885262e-06,2.4544163e-05,1.5932785e-05,1.4681373e-06,6.90141e-06,1.8005219e-05,2.4108792e-06,1.2706915e-05,0.99991415
20180112-100714-2.jpg,8,8,0.00090418751,0.0014352146,0.00083847909,4.4443921e-05,0.00026174214,0.00034563608,0.00032136794,0.027166626,0.9686823
20170727-163104-2.jpg,4,4,6.1422494e-06,1.2235482e-05,3.2694269e-06,2.1076456e-05,0.99904752,8.7411118e-07,4.3016574e-06,3.0066496e-06,0.00090157312
20171212-093927-3.jpg,8,8,4.6985578e-06,1.1439594e-05,1.65695e-07,4.2463371e-06,1.5187797e-07,1.337827e-05,1.198575e-06,3.5502236e-06,0.99996117
20171220-101632-2.jpg,8,8,1.3467213e-05,4.2657184e-05,1.1371714e-06,8.3611866e-06,4.0625763e-06,0.00079710456,1.6096585e-05,1.2911256e-05,0.9991042
20180322-112736-2.jpg,8,8,2.2339068e-05,0.00017818876,4.3182118e-06,1.0469957e-05,2.696584e-06,0.00063684654,1.1915786e-05,0.00012794318,0.99900528
20170728-150227-1.jpg,4,4,4.0557233e-06,2.4341156e-06,2.7100065e-05,1.6490508e-06,0.99929886,1.4677867e-06,4.2697862e-06,1.6091126e-06,0.00065855417
20171025-075132-2.jpg,3,3,0.0017779093,0.00011974599,2.7855837e-05,0.99691546,0.00024762389,0.00050736007,2.0592111e-05,0.00014658692,0.00023686379
20171220-094913-1.jpg,8,8,6.0152528e-06,1.0418079e-05,2.5772186e-07,1.1122074e-05,1.3028134e-06,0.00018475734,1.7157364e-05,4.7085454e-06,0.99976426
20170630-152217-0.jpg,7,7,0.0016897203,0.00025678085,4.8233924e-05,2.8350948e-05,8.852219e-06,2.7934872e-05,3.8174057e-05,0.9951274,0.0027745501
20180125-091239-1.jpg,8,8,5.9382775e-07,2.1855141e-05,8.5790023e-07,4.1102616e-07,3.9520676e-06,7.2869482e-06,5.906867e-06,9.2039271e-06,0.99994993
20180112-092549-1.jpg,8,8,1.8649271e-05,3.8017109e-05,1.1309072e-06,2.999197e-06,2.9398942e-05,1.7687215e-06,1.0621219e-05,6.2402888e-05,0.99983501
20170714-133445-1.jpg,1,1,1.1384722e-05,0.99986877,4.8070554e-06,1.0054936e-06,6.0099786e-06,6.3315772e-07,1.165782e-05,8.5215629e-05,1.051426e-05
20171113-143028-3.jpg,6,6,5.5193641e-05,0.001293882,4.4552261e-06,4.0946071e-05,7.7552479e-06,9.4911791e-06,0.99286633,0.0002035533,0.0055183897
20170728-121057-2.jpg,4,4,9.1374776e-05,1.4246014e-05,5.332719e-05,3.7882785e-05,0.99233178,1.7848266e-05,2.4771545e-05,5.1977684e-05,0.0073767917
20170217-113234-0.jpg,7,7,0.0005434643,4.1409832e-06,3.2997197e-05,2.0286574e-06,1.1414395e-06,3.5404039e-05,3.9135732e-05,0.99933779,3.900975e-06
20170217-120542-0.jpg,7,7,0.001406541,5.946391e-06,0.00013653996,5.0229081e-06,3.141862e-06,0.00025951307,1.4680167e-05,0.99813973,2.8884586e-05
20180322-105013-1.jpg,8,8,0.0010872931,0.00017865495,1.3900996e-05,0.0003747838,0.00081412468,7.5673776e-05,1.0158616e-05,0.00047642827,0.99696898
20170728-123905-3.jpg,4,4,0.002248313,0.00021677407,0.00012267172,9.6560862e-06,0.99000393,1.7988185e-05,2.8190864e-05,2.724431e-05,0.0073252334
20171109-193741-1.jpg,5,5,0.013342204,0.01324668,0.0014762172,0.00036689783,0.00087944741,0.85973178,0.075386938,0.031498631,0.0040712068
20171220-091703-2.jpg,8,8,7.1129552e-05,2.4723766e-05,8.2003063e-07,4.5110027e-05,1.5845907e-06,0.00081962849,1.3208611e-05,8.7573561e-06,0.99901504
20180105-102457-1.jpg,8,8,2.2662381e-05,2.6254051e-05,6.3725056e-05,9.3955972e-06,2.5837621e-05,1.7233712e-05,0.00088457117,0.00064299646,0.99830732
20180119-105435-1.jpg,8,8,4.4447933e-06,9.0130071e-05,2.158531e-07,1.8338174e-06,7.3179539e-07,5.9393572e-06,1.7463771e-05,2.9557705e-05,0.99984968
20170210-133154-0.jpg,0,0,0.89991424,9.1497315e-05,6.8467183e-05,1.0462637e-05,1.2345542e-05,0.00027117045,0.00022064191,0.099340883,7.0290481e-05
20180125-131323-3.jpg,8,8,1.1094738e-05,0.00012710045,1.6803692e-06,6.4005761e-06,2.5172675e-05,5.7183745e-06,1.1222896e-05,9.0028905e-05,0.99972158
20180109-103225-1.jpg,8,8,5.8689498e-06,1.6357894e-05,3.1327232e-06,3.4878123e-06,4.1895881e-05,4.1348972e-06,4.513088e-06,1.4770409e-05,0.99990584
20180125-133246-2.jpg,8,8,1.2210316e-05,0.00013669593,3.0730814e-06,3.6867642e-06,3.4909581e-06,1.5513599e-05,1.9239719e-05,0.00013681192,0.99966928
20171217-184248-2.jpg,8,8,0.00016567359,0.00013609219,0.00017203848,0.000107336,0.00043948656,0.0011539141,0.00019100509,0.00011722697,0.99751723
20180112-102302-1.jpg,8,8,3.5737482e-05,0.00017860947,1.7119316e-05,6.9612753e-06,3.1869794e-05,7.8134e-05,0.00058005114,0.00012051269,0.998951
20171220-092748-2.jpg,8,8,0.00013464247,1.3877462e-05,2.2197709e-06,2.0327141e-05,4.0616828e-06,0.00094890369,1.9200961e-05,1.4221478e-05,0.99884255
20171212-101630-3.jpg,8,8,2.0054473e-05,0.00011932268,2.1716219e-06,1.8383905e-05,4.0538961e-06,1.8023053e-05,1.5055495e-05,2.2481232e-05,0.99978045
20171109-075049-3.jpg,5,5,0.00020261665,3.1733809e-05,7.1810892e-05,1.4119886e-05,3.4684707e-05,0.99947913,5.8089994e-05,8.3959478e-05,2.3856849e-05
20180105-093148-2.jpg,8,5,0.0032267322,0.012916537,0.0063340819,0.0050786156,0.02698652,0.47993333,0.19763518,0.015136624,0.25275237
20180109-100022-1.jpg,8,8,2.8719023e-05,8.6498913e-06,7.0191485e-06,3.1578906e-05,9.9134516e-06,1.8620005e-05,2.3387245e-05,0.00014313433,0.99972898
20171113-144252-3.jpg,6,6,5.7062901e-06,4.1191448e-05,3.1108365e-06,3.6748887e-06,2.9744763e-06,2.0075838e-06,0.99991057,2.6091981e-05,4.6759995e-06
20171113-131510-2.jpg,6,6,0.00016596396,0.00020424206,2.9015018e-05,3.3220334e-05,0.00012937847,1.769773e-05,0.65354425,0.00041752565,0.34545871
20180322-104606-1.jpg,8,8,0.00022596505,0.00010207255,4.9185567e-06,4.0361047e-05,0.0001190992,5.6538392e-05,3.6888803e-06,0.0003261855,0.99912117
20171113-123443-3.jpg,6,6,4.4230659e-06,4.287323e-05,2.0083495e-06,1.7596096e-06,2.1009773e-06,3.238588e-06,0.99990195,3.4245578e-05,7.4030711e-06
20171025-082133-3.jpg,3,3,0.0049442188,0.00034121354,0.0001678064,0.98508518,0.0053032762,0.00036986735,5.0096695e-05,0.00052252057,0.0032158222
20180322-132524-1.jpg,8,8,3.8915505e-06,6.2830164e-05,3.0267194e-05,3.6607056e-06,3.3427441e-05,1.4152873e-05,5.6148151e-06,1.0984971e-05,0.99983517
20170728-153348-1.jpg,8,8,0.0038225411,0.0015221484,0.0038022586,0.0023956239,0.36152805,0.00071944949,0.00030868154,0.0017587009,0.62414255
20170127-101639-0.jpg,1,1,0.00010303957,0.99532773,4.2543494e-06,3.9530202e-06,2.07007e-05,3.0946221e-05,7.1705098e-05,1.0826536e-05,0.004426842
20171025-074012-1.jpg,3,3,0.0013979626,9.8814072e-05,2.434148e-05,0.99678579,0.000405141,0.00041691691,3.2009954e-05,0.0001698337,0.00066918573
20180112-103611-1.jpg,8,8,2.7542957e-05,2.427189e-05,1.9902371e-05,3.7508263e-06,4.4149296e-05,3.6197701e-05,0.00073465071,0.00011194077,0.99899759
20170714-115443-2.jpg,1,1,2.3277961e-05,0.9998393,4.7702485e-06,1.6465392e-06,8.9406852e-06,1.3800444e-06,1.3606907e-05,7.5464799e-05,3.1617539e-05
20180119-104936-1.jpg,8,8,7.4511395e-05,0.00039032834,7.5820375e-06,0.00013665509,2.7838873e-05,0.00017385432,0.00044982808,0.00076692467,0.99797248
20171113-141633-2.jpg,6,6,9.2087771e-06,3.6879671e-05,9.664222e-06,7.8376585e-06,1.2005981e-05,5.4455101e-06,0.9997905,9.7278935e-05,3.1179901e-05
20171121-081516-2.jpg,6,6,0.00012856207,0.0004583144,1.6481114e-05,3.2310057e-05,2.5602928e-05,1.1790169e-05,0.99866975,0.00048331513,0.00017387208
20170727-170933-3.jpg,4,4,0.00012198259,7.3476488e-05,0.00031944202,0.0039209482,0.99365842,1.2909126e-05,3.6969969e-05,9.5837011e-05,0.0017600161
20180322-112034-1.jpg,8,8,3.7292053e-05,0.00011019626,1.3500507e-05,5.2332682e-05,8.0667718e-06,3.7192569e-06,1.5988138e-06,4.0925711e-05,0.99973237
20170207-141840-0.jpg,7,7,0.022302561,0.00041338148,0.00023527793,4.3061431e-05,2.5093817e-05,0.00036138124,3.296185e-05,0.97645634,0.00012994262
20171220-093036-2.jpg,8,8,7.0806186e-05,2.738478e-05,2.9118465e-06,3.917581e-06,4.7685277e-06,0.00022200169,3.3777637e-06,1.1301161e-05,0.99965353
20180105-100913-2.jpg,8,8,2.0770863e-05,2.7517901e-05,1.528782e-05,7.5386348e-06,2.3046434e-05,2.3410977e-05,0.0018175452,0.00025775061,0.99780713
20171220-083113-3.jpg,8,8,8.1207023e-06,1.7110743e-05,1.1660768e-06,2.3964867e-06,5.451697e-06,3.5474399e-05,4.8873716e-06,3.0733435e-05,0.99989466
20170210-131822-0.jpg,0,0,0.9980168,0.00010310472,3.7912205e-05,8.2476192e-06,1.2050747e-05,2.7926873e-05,5.0544838e-06,0.0017394217,4.9483388e-05
20170210-133946-0.jpg,0,0,0.99904738,7.7261493e-06,2.3947482e-05,2.8826278e-06,1.1648278e-06,8.0439463e-05,1.797581e-06,0.00078577186,4.888891e-05
20170217-095820-0.jpg,7,7,0.0014993019,6.1775232e-06,3.0527955e-05,2.7610535e-06,9.7714686e-07,0.00010457724,3.2263581e-05,0.99831067,1.2745349e-05
20180109-074105-2.jpg,8,8,0.00015453749,0.0028814187,1.9332717e-05,8.8052823e-05,8.0322758e-05,2.2436142e-05,0.00025894225,0.00058306662,0.99591189
20170913-124425-1.jpg,5,5,0.0055060034,0.00027843152,9.9210619e-05,0.0020792607,6.2007871e-05,0.9912639,0.00012259109,0.00037569511,0.00021289561
20170913-121227-1.jpg,5,5,0.00030588021,2.0579249e-05,0.00010978465,9.8554678e-05,6.8762823e-05,0.99894338,1.9056922e-05,0.0003355364,9.8462875e-05
20180322-133100-1.jpg,8,8,1.0846195e-05,0.00020234744,1.1057083e-05,2.84993e-05,2.9635927e-05,0.00010027992,7.5030073e-06,2.2560051e-05,0.99958727
20180109-095915-1.jpg,8,8,5.2263204e-05,4.8536916e-05,4.9947911e-05,9.6375338e-05,1.8379603e-05,9.0507982e-05,4.5017381e-05,0.0010559157,0.99854306
20171025-085907-2.jpg,3,3,0.01138201,0.0053878295,0.00079957453,0.89593045,0.0051221918,0.00085734052,0.0010042269,0.0022448529,0.07727152
20180125-092329-1.jpg,8,8,5.1379161e-07,1.3030598e-05,3.9358495e-07,2.6878366e-07,1.7830199e-06,1.6305188e-06,1.1805213e-05,1.118428e-05,0.99995939
20170920-095021-2.jpg,2,2,0.0010783213,0.00068016716,0.87563038,0.0037212343,0.014578513,0.00015592208,0.00083553037,0.0016580293,0.1016619
20171220-085351-2.jpg,8,8,0.00046532249,0.00022615694,2.0024046e-06,0.0013081191,6.0978121e-06,0.00052251041,2.8502588e-05,0.00032672819,0.99711456
20171203-172716-3.jpg,8,8,1.0440394e-05,0.00026214607,1.0456706e-06,3.6992556e-06,2.499862e-06,3.6115014e-05,6.5535955e-06,9.7588059e-06,0.99966774
20171205-141517-2.jpg,8,8,8.46619e-06,9.4484085e-05,1.0074301e-06,6.424394e-06,1.5013418e-05,3.9137437e-05,4.7672806e-06,1.0121879e-05,0.99982058
20180109-071039-2.jpg,8,8,0.0002657993,0.00076796745,0.00011495825,0.00035671422,0.00049487025,2.7211959e-05,0.00111263,0.00032700861,0.99653284
20171203-171929-3.jpg,8,8,2.9139255e-06,9.1744724e-05,4.4369897e-07,2.8478706e-06,4.1221936e-06,1.148082e-05,1.3107722e-05,3.7000933e-05,0.99983634
20171025-095049-3.jpg,3,3,0.0030350471,0.0005748383,0.00022937842,0.70238108,0.0031034679,0.00037930702,0.00015273263,0.00037896426,0.28976518
20180112-092131-1.jpg,8,8,7.0499726e-05,0.00026170255,1.888369e-05,1.12757e-05,5.8686438e-06,2.4486337e-05,3.5802028e-05,0.0088381736,0.99073331
20171102-121450-2.jpg,2,2,9.8099348e-07,3.6085574e-06,0.99990958,8.1066474e-07,4.1179125e-05,2.9301934e-06,1.7420906e-06,1.2169465e-06,3.7947079e-05
20170803-133045-1.jpg,0,0,0.59485451,0.24601308,0.00021855138,0.0062197982,0.0013428716,0.0031715391,0.0036768767,0.06270798,0.081794789
20171201-120654-1.jpg,8,8,4.3724251e-05,0.00027544292,1.3376699e-05,0.00033508604,7.285711e-05,0.0017428806,0.00016165909,0.00014506662,0.99720991
20170920-183535-1.jpg,2,2,2.7079329e-05,0.00012038843,0.99629358,0.00035254718,0.0025685503,4.4900435e-05,9.1183287e-05,6.4970221e-05,0.0004368056
20171113-140237-2.jpg,6,6,1.1137894e-05,0.00010648632,4.7653586e-06,4.563678e-06,6.4064948e-06,5.8795828e-06,0.99964955,9.2250039e-05,0.00011895836
20171025-082029-2.jpg,3,3,0.0018343986,7.8808335e-05,0.00015039779,0.99644123,0.00016242394,0.0003874034,9.7916836e-06,0.00030821372,0.00062732837
20170920-112533-2.jpg,2,2,1.7403704e-06,2.0603402e-06,0.99991899,4.4433253e-05,1.083037e-05,1.7026013e-06,1.3850096e-06,2.8133461e-06,1.604205e-05
20171025-080027-2.jpg,3,3,0.0017214123,0.00021538637,4.8636491e-05,0.99546675,0.00043460916,0.00037090803,2.2428995e-05,0.00011129658,0.0016085673
20170217-152225-0.jpg,0,0,0.99339012,1.3936731e-05,5.0668224e-05,3.7156544e-06,5.0324238e-06,0.00037995531,4.1592055e-05,0.0059381209,0.00017686118
20171212-094942-1.jpg,8,8,7.4276386e-06,8.1091843e-05,1.0902781e-06,7.9147692e-07,6.8926427e-07,2.4919926e-05,3.6684503e-06,9.9232012e-06,0.9998704
20171219-113407-3.jpg,8,8,0.0013418805,0.0002459433,0.00012392353,4.4621069e-05,3.3598724e-05,9.8961456e-05,0.0017349305,0.0015780501,0.99479809
20180109-101513-2.jpg,8,8,4.0585588e-05,0.00025405935,1.6089774e-06,5.0141867e-05,8.0825364e-06,1.2939555e-05,7.0582573e-05,4.5772882e-05,0.99951623
20170126-095745-0.jpg,1,1,2.8152579e-05,0.9998643,1.9832637e-06,7.2996558e-07,9.1037357e-06,1.8411116e-06,7.8423488e-06,1.533049e-05,7.0713525e-05
20170210-144956-0.jpg,7,0,0.9961189,6.9818452e-06,0.00010752208,1.3074063e-05,8.2802405e-06,0.00012834424,1.9375013e-05,0.0032567396,0.00034077848
20171113-125026-0.jpg,6,6,5.5775616e-06,8.9069022e-05,3.3218663e-06,3.634845e-06,3.7367609e-06,1.8563016e-06,0.99984806,4.0353264e-05,4.395238e-06
20170920-134843-2.jpg,2,2,3.000356e-05,4.3144881e-05,0.99274267,0.00078870168,0.0012574041,1.1268407e-05,4.4769907e-05,9.5332768e-05,0.0049867049
20170210-132327-0.jpg,0,0,0.99130139,0.0022947019,0.00016804801,1.5144158e-05,0.00016661038,0.00028711599,0.00014275486,0.00045604905,0.005168185
20170315-085209-0.jpg,8,8,4.2544672e-05,0.00025562157,6.2474894e-05,0.00026338411,0.00020666975,0.00017449004,6.2606589e-05,0.00010763526,0.99882457
20171217-185021-2.jpg,8,8,0.0002379041,0.00023731573,0.00010634479,0.0010060673,0.00068708822,0.09035344,0.0005138534,0.00036696826,0.90649102
20171220-101158-2.jpg,8,8,4.0808715e-06,7.1977265e-05,1.2798285e-06,4.7075324e-06,3.5913454e-06,3.5170378e-05,1.2215818e-05,8.4776473e-06,0.9998585
20170727-145906-3.jpg,4,4,6.1072399e-06,7.7349465e-06,6.3757475e-06,5.4108748e-05,0.99889973,3.8040117e-06,5.4120848e-06,3.1046962e-06,0.0010136184
20170130-102504-0.jpg,1,1,0.00017985498,0.99936823,2.3916286e-06,6.2686513e-06,1.3716196e-05,2.2137351e-05,4.8529241e-05,0.0003286413,3.0231833e-05
20180105-095506-2.jpg,8,8,2.3193083e-05,1.7870504e-05,0.00019725664,1.195608e-05,7.1568132e-05,1.9725789e-05,0.00080374411,0.00031097174,0.99854371
20180112-093144-2.jpg,8,8,1.5217299e-05,4.1988955e-06,6.5805487e-06,4.9883065e-07,6.6009975e-06,1.5153294e-05,9.8817787e-06,1.056599e-05,0.9999313
20171025-100834-1.jpg,3,3,0.00072563675,1.9421595e-05,5.046646e-05,0.99791237,5.2721308e-05,0.00032984238,2.625787e-05,7.5577358e-05,0.00080770677
20171109-085329-2.jpg,5,5,0.00018574071,0.00021917212,4.5274641e-05,3.563051e-05,2.1551412e-05,0.99887154,8.6829326e-05,7.0332506e-05,0.00046393093
20170920-112901-3.jpg,2,2,1.0891283e-06,2.326542e-06,0.9999069,1.1451182e-06,5.0875007e-05,3.3805543e-06,1.5087692e-06,1.0564196e-06,3.1716479e-05
20170728-125333-2.jpg,4,4,0.00090050503,6.6372607e-05,9.8250546e-05,1.1245725e-05,0.98748953,3.5733714e-05,3.8979561e-05,6.3497208e-05,0.011295888
20171025-091214-2.jpg,3,3,0.0058832853,0.00062537007,0.00056663764,0.98943563,0.00096348147,0.0013064979,9.3892121e-05,0.00024162311,0.00088358526
20170404-153544-0.jpg,7,7,0.0057001278,0.0011596518,0.00068560091,0.0001282648,0.00013334716,0.00023028478,0.00065148896,0.9844231,0.0068881376
20180112-080336-1.jpg,8,8,0.00017175586,0.0006779617,7.0507766e-05,0.0003804267,0.00078568815,5.1407666e-05,0.00068646991,0.00090867845,0.9962671
20170217-113901-0.jpg,0,0,0.99993611,3.3528897e-06,5.9382887e-06,4.9267998e-07,1.304806e-06,4.1788488e-06,1.8737082e-06,4.5395543e-05,1.3486315e-06
20171025-075747-2.jpg,7,7,0.0003104673,0.016172462,1.1465736e-05,7.6729072e-05,9.3727078e-06,1.1417594e-05,0.0001812497,0.98272781,0.00049902352
20170727-120502-3.jpg,4,4,1.0585965e-05,1.2048688e-05,4.8277076e-05,0.00010563542,0.99097328,6.3245732e-06,1.0973943e-05,7.0393533e-06,0.0088258344
20171109-093745-1.jpg,5,5,0.0010482559,0.00020013708,0.000131662,2.1063507e-05,9.0929595e-05,0.99807662,0.00016994074,0.00024607061,1.5322562e-05
20180119-112817-2.jpg,8,8,9.6553103e-05,0.00079673449,1.9965049e-06,1.8977768e-05,8.4552472e-07,6.6231796e-05,3.6490447e-05,8.4854529e-05,0.99889732
20180109-103711-1.jpg,8,8,2.7990001e-05,1.901388e-05,4.9287842e-05,6.5004414e-06,3.1973007e-05,6.0434313e-06,3.0755643e-05,0.00013995253,0.99968848
20180109-104015-2.jpg,8,8,0.0010730763,5.0725585e-05,0.00017485689,0.0025436614,0.00014885599,2.7324218e-05,1.9245365e-05,0.00073316035,0.99522909
20171220-094747-2.jpg,8,8,4.0150746e-06,3.1930349e-05,2.4827973e-06,2.9471682e-05,8.5238532e-06,2.1381143e-05,9.6884557e-05,1.9588845e-05,0.99978572
20180119-104800-1.jpg,8,8,4.2007543e-06,1.7934685e-05,8.9957714e-07,1.9452377e-06,3.4595213e-06,1.1622679e-06,6.7637123e-06,2.4223726e-05,0.99993941
20170811-100750-2.jpg,0,0,0.99984946,3.8597039e-05,1.0311037e-05,7.6527288e-07,2.5874425e-05,1.2735903e-05,4.336527e-06,5.1409622e-05,6.5069499e-06
20180322-102900-2.jpg,8,8,1.2440231e-05,3.1321668e-05,1.7493512e-06,1.2484618e-06,1.5356503e-05,2.8112532e-06,2.1359596e-06,0.00021552574,0.99971741
20171109-070740-1.jpg,5,5,0.00028984773,0.00019107835,9.6225341e-05,1.0860924e-05,5.287895e-05,0.99903129,4.5876161e-05,5.8305939e-05,0.00022363552
20170715-164442-1.jpg,1,1,3.0362027e-05,0.99993135,3.5911727e-06,6.5204118e-07,4.6388614e-06,1.3895157e-06,3.8502665e-06,1.6595276e-05,7.5668789e-06
20180112-094433-2.jpg,8,8,5.0523936e-05,7.3008274e-06,1.2062598e-05,4.6841069e-07,3.253361e-05,9.8758577e-06,1.8389703e-06,1.563511e-05,0.99986976
20180125-091510-2.jpg,8,8,1.2160928e-06,2.1538054e-05,5.393509e-07,3.9089731e-07,2.1539537e-06,2.6255469e-06,9.9684411e-06,3.4023022e-05,0.99992754
20170727-162617-1.jpg,4,4,1.7182255e-05,4.4463856e-06,1.307013e-05,3.1717885e-06,0.99929874,1.3944958e-06,3.6858775e-06,7.2217466e-06,0.00065108843
20180109-080657-2.jpg,8,8,6.8748555e-05,3.1547202e-05,0.00012427099,3.5476261e-05,5.7270378e-05,3.6648614e-05,0.0030919596,0.0012147975,0.99533928
20180322-113845-2.jpg,8,8,1.3837673e-06,1.105632e-05,4.4585546e-07,2.6266852e-06,1.9770626e-06,4.4919907e-05,1.6242601e-05,5.3208691e-06,0.99991603
20170714-112727-2.jpg,1,1,0.00010014348,0.9844405,3.3975304e-05,1.0510181e-05,6.2814579e-05,0.00010382266,0.00017440977,0.0014083554,0.013665465
20180105-093213-2.jpg,8,8,2.5842289e-05,0.00025068148,2.7433736e-05,0.00024344936,0.00031308754,4.7426789e-05,0.0020794973,7.7079669e-05,0.9969355
20170920-095541-2.jpg,2,2,0.00013357975,0.00013653485,0.98719613,0.00013827838,0.00084776795,0.00010196255,0.00016197307,0.00018230547,0.011101473
20171205-144118-2.jpg,8,8,0.001789864,5.4333361e-05,7.2849096e-06,8.7487418e-05,3.5580106e-05,0.0017226282,6.9296313e-05,0.0001152678,0.99611826
20171109-095523-3.jpg,5,5,0.0015440807,6.6659031e-05,0.00032748993,5.2132542e-05,5.0107015e-05,0.99506713,0.00037935709,0.0022590234,0.00025402233
20171109-085703-2.jpg,5,5,0.00023974035,0.00018256034,1.8739198e-05,1.1037571e-05,2.500052e-05,0.90993052,0.00047637683,0.0001115486,0.089004481
20180119-104747-2.jpg,8,8,2.1290349e-05,0.00045716563,1.4872681e-06,8.4411734e-06,5.9709978e-07,2.4329868e-06,1.6681357e-05,2.6638622e-05,0.99946527
20180112-072620-2.jpg,8,8,0.00069259506,0.00075365267,9.475713e-05,0.00017818628,0.00011025552,0.00011714183,0.00026297756,0.001559808,0.99623063
20171212-094724-1.jpg,8,8,7.761537e-06,1.0064826e-05,3.42322e-07,9.1822239e-06,9.1842848e-07,8.0573605e-05,6.4571582e-06,3.7274939e-06,0.99988097
20161207-145147-0.jpg,0,0,0.998585,0.00037126939,7.8057658e-05,2.3336961e-05,0.00039435863,7.5414472e-05,5.952544e-06,0.00016790192,0.00029870788
20170128-102558-0.jpg,8,8,0.00022874953,0.020204979,2.1707879e-05,0.0009736159,6.4772103e-06,7.9577253e-05,0.00020907773,0.00046752838,0.97780829
20171102-115858-1.jpg,2,2,1.794413e-05,3.1386845e-06,0.99986856,9.4635022e-07,2.2989076e-05,6.800322e-06,1.6591415e-06,7.2377131e-06,7.0720494e-05
20180119-114026-2.jpg,8,8,8.9337529e-05,0.0035751897,4.2737194e-05,2.3795835e-05,6.1970056e-06,1.2919213e-05,0.00014788495,0.00014027008,0.99596167
20171220-082827-2.jpg,8,8,5.3786149e-06,2.0571533e-05,9.6044137e-07,2.6898502e-06,1.8113289e-06,1.1715076e-05,1.5567783e-06,1.6173794e-05,0.99993914
20170913-110131-2.jpg,3,3,5.195386e-06,4.0282394e-06,4.3506125e-07,0.99994105,7.8057308e-06,3.5280153e-05,8.5927169e-07,2.2889367e-07,5.1215353e-06
20170913-123428-3.jpg,3,3,0.0030114386,0.00047379663,3.8666701e-05,0.99411149,4.737447e-05,0.00087319216,1.1046952e-05,2.9530104e-05,0.0014034657
20171212-095418-1.jpg,8,8,6.1371908e-05,1.5834116e-05,3.9519149e-07,0.00032165467,4.6236194e-06,0.00012442983,4.1454603e-06,5.6289335e-05,0.99941126
20171109-090420-1.jpg,5,5,0.0046105147,0.0004397802,0.00017657661,0.00021351776,0.00035656659,0.99197115,0.00040919754,0.0012172956,0.00060539784
20180109-100704-2.jpg,8,8,8.6791216e-06,0.00015717315,1.3696521e-06,4.683677e-06,1.5815418e-06,5.8344856e-06,5.9757771e-06,5.6195051e-06,0.99980908
20171218-121940-2.jpg,8,8,2.0713116e-05,3.589902e-05,1.2959609e-06,2.0051803e-05,1.2463218e-05,0.00032782301,4.5354818e-05,3.4495e-05,0.9995019
20170727-134825-1.jpg,4,4,0.00014471058,0.00017628193,0.00028398485,0.00048708345,0.99539506,1.0711495e-05,1.8473607e-05,0.00011490041,0.0033687971
20180112-082251-1.jpg,8,8,1.81979e-05,0.00013784716,4.7205441e-06,4.023146e-05,5.7749901e-06,2.130017e-05,8.1299073e-05,0.0003108867,0.99937974
20180109-075422-1.jpg,8,8,8.3895261e-05,7.2196358e-05,0.00010878856,3.4219675e-05,0.00010350878,8.5551517e-05,0.0057860884,0.00078061421,0.99294514
20171220-093549-3.jpg,8,8,6.7072773e-06,2.1443551e-05,5.6658078e-07,1.5424048e-06,5.2268717e-07,1.9455762e-05,5.5926112e-06,6.102241e-05,0.99988315
20171109-072039-1.jpg,5,5,0.0027104594,0.0029654037,0.00029077342,5.401079e-05,0.000386019,0.98936142,0.0016970728,0.00082561061,0.0017092263
20180119-105030-1.jpg,8,8,1.6063469e-05,0.00010074741,2.7209234e-05,7.1586982e-05,9.6703255e-05,0.00020576987,0.00011092813,0.00029117965,0.99907981
20170913-123102-1.jpg,5,5,0.00020597104,2.176368e-05,5.8050643e-05,0.00019098912,3.7638318e-05,0.99940677,5.8055331e-06,6.1285736e-05,1.1730837e-05
20171025-171914-3.jpg,3,3,0.042854514,0.0025102078,0.0012751796,0.91563686,0.0082550262,0.0019865051,0.00013001147,0.0056338229,0.021717871
20180112-072323-1.jpg,8,8,1.615058e-05,0.00029160954,1.0276221e-05,7.9220993e-05,6.7888793e-05,1.5847842e-05,0.00027831537,0.00019870655,0.99904198
20180105-093909-3.jpg,8,8,1.3295821e-05,5.4221782e-05,8.0621137e-05,0.00011003346,7.1464443e-05,4.4490256e-06,0.00088344903,6.043091e-05,0.99872203
20180322-131210-1.jpg,8,8,8.4209612e-06,6.5859474e-05,0.00010421781,7.502066e-06,2.9380877e-05,1.5956684e-05,2.9260802e-06,7.4378837e-05,0.99969136
20171102-100219-2.jpg,4,4,0.00015669009,0.00051333761,0.21944083,0.0032686305,0.75062801,8.9480612e-05,0.00010215663,4.7498815e-05,0.025753365
20171220-093129-2.jpg,8,8,3.7248225e-05,2.0121301e-05,3.3846922e-06,2.2268236e-05,3.9093181e-06,7.0474856e-05,0.00012757873,9.679464e-05,0.99961822
20171217-184528-2.jpg,8,8,0.00075963175,0.0028491653,1.5510819e-05,0.00045471048,2.2942499e-05,0.00073713686,0.00053987077,0.00021894209,0.99440209
20171025-094931-2.jpg,3,3,0.00075575518,9.7557621e-05,0.00017201904,0.99459373,0.00067159871,0.0023994446,4.8747281e-05,0.00011596709,0.0011451768
20170126-095737-0.jpg,1,1,4.6908152e-06,0.99989928,6.6195566e-07,8.36171e-07,2.2306387e-06,1.6659205e-06,4.2803319e-06,6.3961477e-06,7.9956945e-05
20170729-092907-1.jpg,4,4,6.025812e-06,8.3329795e-06,1.4528746e-06,1.626014e-06,0.99988175,6.522742e-07,7.5740585e-07,5.7946013e-07,9.8826045e-05
20180125-092006-2.jpg,8,8,1.2486709e-06,4.9924555e-05,2.598056e-06,6.3316013e-07,4.2333422e-06,1.1049393e-05,8.7432639e-06,1.6350148e-05,0.99990522
20180125-092015-2.jpg,8,8,1.4571742e-06,8.9964291e-05,1.5428933e-06,2.8919737e-07,2.7051285e-06,7.2864548e-06,9.9001603e-06,4.1309844e-05,0.99984554
20170920-115556-2.jpg,2,2,4.7493631e-05,9.0141419e-06,0.9955249,3.5684586e-05,4.6036267e-05,1.7322745e-05,3.7580988e-05,6.6359804e-05,0.0042156115
20170304-131847-0.jpg,7,7,0.0014955826,5.7240929e-05,1.5639927e-05,6.8206479e-06,3.3622226e-06,2.1759283e-05,9.3448399e-06,0.99833038,5.9872394e-05
20180322-132124-1.jpg,8,8,1.3731839e-06,7.6650582e-05,1.9644174e-06,7.1450091e-07,5.2485455e-06,8.0765953e-06,2.2092462e-06,5.6420969e-06,0.99989812
20171219-113109-3.jpg,8,8,0.00020043377,0.00015692464,1.7508388e-05,3.3207044e-05,9.8534792e-06,2.3723178e-05,0.00052915976,0.0004017646,0.99862743
20180112-102927-2.jpg,8,8,0.00094389458,0.00042962647,7.1647676e-05,0.0022724338,0.00064445843,0.00024700839,0.00029990036,0.0016914686,0.99339956
20180125-094259-1.jpg,8,8,8.5424685e-07,3.4094339e-05,4.3108156e-07,6.2807387e-07,2.4245901e-06,3.9131093e-06,5.7255844e-06,3.5167344e-05,0.99991676
20170405-155540-0.jpg,0,0,0.98469774,0.0002562962,4.6037726e-05,1.3702237e-05,9.5545322e-06,0.0001035721,2.1277274e-05,0.013172231,0.0016795903
20171113-115907-3.jpg,6,6,1.5815683e-05,3.9287577e-05,2.4462618e-05,2.8185906e-05,1.7313392e-05,1.5623988e-05,0.99757964,0.0021963979,8.3270517e-05
20171121-085538-1.jpg,6,6,9.1804654e-05,0.00015049073,2.0931602e-05,5.9864161e-06,2.5001192e-05,3.5782436e-05,0.97759566,0.0046442187,0.017430123
20180112-092520-2.jpg,8,8,0.0015305883,0.00040774059,0.00030173018,2.879524e-05,2.92243e-05,9.1518924e-05,0.00010649476,0.0068955085,0.9906084
20180105-101323-2.jpg,8,8,2.3441869e-05,2.1924357e-05,1.447972e-05,6.7784114e-06,5.5384735e-05,1.5551609e-05,0.0013195956,0.00023912011,0.99830372
20171212-100123-3.jpg,8,8,5.5917878e-05,1.5629528e-05,4.8304608e-07,0.00013293443,4.5098672e-07,1.7848583e-05,2.0377772e-06,5.6910365e-05,0.99971779
20180125-095738-1.jpg,8,8,1.4478277e-05,9.5338049e-06,1.7018377e-06,1.2914789e-05,2.0757486e-05,2.2164206e-05,0.00010822288,1.5837756e-05,0.99979439
20171109-092711-1.jpg,5,5,0.00017806101,0.00011501102,0.00012094553,5.8705533e-05,5.4210307e-05,0.99867169,4.7063812e-05,0.0001645001,0.00058981684
20180105-093111-2.jpg,8,8,2.5523959e-05,4.5132425e-05,0.00019873053,7.1974817e-05,0.00012291115,5.6585979e-05,0.011779776,0.00059260278,0.98710676
20180105-092118-3.jpg,8,8,6.726992e-06,1.1223275e-05,6.8162626e-06,7.9310078e-06,1.3276171e-05,1.2409757e-05,0.001000158,0.00010596282,0.9988355
20180109-075853-1.jpg,8,8,2.8672471e-05,6.5858446e-05,1.5088393e-05,4.9112154e-06,1.4158866e-05,1.3427201e-05,0.00083182055,0.001283608,0.99774245
20180125-094438-2.jpg,8,8,2.8374789e-06,7.685705e-05,8.7464015e-07,2.4286839e-06,3.825244e-06,2.0523531e-06,5.3779608e-06,7.0777856e-05,0.99983497
20180109-074653-1.jpg,8,8,2.5449066e-06,8.8505919e-06,8.3018101e-06,2.2580228e-06,1.2884652e-05,7.0713674e-06,0.0002636853,4.8409797e-05,0.99964599
20171219-114909-2.jpg,8,8,0.00013163366,0.00026916709,0.00010709509,0.00010311233,6.0799427e-05,2.1857537e-05,0.00030947789,0.00022950654,0.99876735
20171109-071835-1.jpg,5,5,0.00093006241,0.00058471448,0.00012738639,1.9943508e-05,0.00018635202,0.9978111,0.00011319054,8.0389026e-05,0.00014686546
20170410-124425-0.jpg,0,0,0.9992953,1.6027727e-06,3.5017625e-05,4.0333243e-06,1.9284821e-06,8.555511e-05,2.7851882e-06,0.00031821862,0.00025555775
20180105-095357-2.jpg,8,8,2.9582801e-05,1.8422752e-05,2.9463753e-05,6.3268646e-06,0.00020600382,4.6097427e-06,0.00050411997,0.00016726226,0.99903421
20171122-101626-1.jpg,5,5,0.00037583516,7.6227605e-05,6.6720704e-05,1.1079411e-05,4.685834e-05,0.99914189,0.00010010338,3.7156497e-05,0.00014412727
20180109-074039-2.jpg,8,8,5.1410027e-05,0.00012311133,1.9950194e-05,0.00010947086,8.2201146e-05,3.1414686e-05,0.00011122541,8.582926e-05,0.99938539
20171218-105016-3.jpg,8,8,3.0912435e-05,0.00013317848,4.6211993e-06,6.142257e-06,4.268495e-06,0.00016215527,4.5487393e-05,0.00014649453,0.99946674
20171113-060715-1.jpg,5,5,9.6398735e-05,4.9738336e-05,1.784225e-05,2.7348628e-05,1.2734864e-05,0.99752983,3.2109109e-05,2.5279484e-05,0.0022087228
20170714-150539-1.jpg,1,1,1.8958261e-05,0.9998265,7.9023191e-06,1.4219578e-06,1.0053203e-05,2.3871494e-06,1.3330456e-05,5.368425e-05,6.5761022e-05
20170210-134117-0.jpg,0,0,0.96027266,0.0029955745,0.0036074474,8.4576802e-05,5.1825506e-05,0.014822244,6.6253741e-05,0.017182983,0.00091643647
20180105-100133-3.jpg,8,8,2.1796166e-05,4.7430803e-06,1.4207076e-05,5.854504e-05,2.3725535e-05,3.4033455e-06,0.00056805553,0.00021508002,0.99909044
20180109-105815-1.jpg,8,8,1.7750263e-05,2.8852086e-05,5.0100203e-05,6.2905161e-05,4.4614183e-05,5.2013852e-05,7.8456585e-05,0.00033946679,0.99932584
20180109-074438-2.jpg,8,8,1.294145e-05,3.4322151e-05,8.9549781e-06,4.7303732e-05,2.1945609e-05,2.097611e-05,2.1858917e-05,1.5493188e-05,0.9998162
20180105-104501-1.jpg,8,8,0.00016780088,0.00055650631,6.9898658e-05,0.00014278041,0.00059000226,8.7793554e-05,0.0019159523,0.00035256596,0.9961167
20171025-073905-1.jpg,3,3,0.003294472,0.0013978817,0.00010573347,0.93669729,0.014673602,0.00061329562,0.00013472925,0.00073591316,0.042347081
20170210-131010-0.jpg,7,7,0.00019433539,9.529702e-06,2.1970646e-05,7.1113232e-07,6.084656e-07,5.6165786e-06,6.9246248e-06,0.99975733,2.9782032e-06
20180105-095804-2.jpg,8,8,0.00012870149,3.119341e-05,6.7187571e-05,1.0382677e-05,0.00037980467,3.27949e-05,0.00061326272,0.00019401821,0.99854265
20171205-143532-2.jpg,8,8,0.0014789947,5.9663312e-05,1.3521153e-05,8.6222622e-05,1.1856094e-05,0.0041944096,6.6451633e-05,4.7074368e-05,0.99404181
20171220-095107-2.jpg,8,8,2.6021343e-06,9.3864311e-06,5.7562526e-07,8.5730441e-06,1.5493096e-06,3.9626542e-06,1.4182308e-05,9.9235803e-06,0.99994924
20180322-113434-1.jpg,8,8,2.7618428e-06,1.6656982e-05,6.6763654e-06,4.6999498e-06,1.0963616e-05,1.5459634e-05,2.1058409e-06,6.1544088e-06,0.99993452
20171113-131609-1.jpg,6,6,1.4514844e-05,0.00022243194,2.5941211e-06,4.0939331e-06,5.9859135e-06,3.9321731e-06,0.9996954,3.7388094e-05,1.3661798e-05
20180112-080358-2.jpg,8,8,0.00010835707,0.00046012548,6.1799203e-05,0.0013507023,2.3543908e-05,5.0953917e-05,0.00019137489,0.00077875203,0.99697439
20171220-101720-1.jpg,8,8,2.7773951e-05,2.74575e-05,6.806114e-07,1.628641e-05,1.8089e-06,0.00051140209,4.9777714e-06,1.4012337e-05,0.9993956
20171025-095559-2.jpg,3,3,0.0011372379,3.9581194e-05,0.00012163509,0.99746673,0.00013816254,0.00022779894,3.683596e-05,0.00019270544,0.00063931455
20170315-085236-0.jpg,8,8,0.0001168912,0.00023930685,4.6055311e-05,0.00034521449,0.00021852553,0.00026595589,6.4003545e-05,9.71295e-05,0.99860692
20180125-092028-1.jpg,8,8,4.0346055e-07,2.9804868e-05,7.7139651e-07,4.2964714e-07,3.3589839e-06,6.9861416e-06,6.2708408e-06,1.4003628e-05,0.99993797
20180119-115429-1.jpg,8,8,0.00024876508,0.00051732263,6.1237321e-05,2.214189e-05,1.9421188e-05,5.3776655e-05,0.0012231985,0.0026161387,0.995238
20171025-081315-1.jpg,3,3,0.0010455372,4.8039442e-05,4.6567614e-05,0.99759534,0.00018096229,0.00051946997,2.3836129e-05,0.00012281936,0.00041743122
20170714-110205-1.jpg,1,1,5.4373273e-05,0.99727276,1.2013725e-05,3.6560179e-06,1.2661159e-05,6.7630825e-06,0.0020488149,0.00026645702,0.00032249806
20171025-074659-3.jpg,7,7,0.0005211361,0.00036087399,1.4920086e-05,9.7008593e-05,2.5438894e-06,1.4275628e-05,1.2487421e-05,0.99865204,0.00032471796
20170906-115139-1.jpg,3,3,0.0031187543,0.00011494173,0.00016654037,0.99493634,0.00045038969,0.00036429591,3.2915081e-05,0.00030883889,0.00050698218
20171205-144029-2.jpg,8,8,0.00052562932,0.00012700186,1.2255219e-05,4.5639829e-05,2.2833697e-05,0.0046566503,0.00053643026,0.00011906445,0.9939545
20171102-100429-2.jpg,4,2,0.00016534726,0.00012999368,0.55675265,0.0011433755,0.42548884,5.4024136e-05,0.00014150571,5.7905611e-05,0.016066356
20180322-125323-1.jpg,8,8,2.545212e-06,2.2247136e-05,5.8048076e-06,3.8141796e-06,3.7034207e-05,6.09502e-05,3.9749537e-06,7.7018851e-06,0.99985593
20180125-094153-2.jpg,8,8,5.002902e-05,6.425108e-05,9.022658e-05,1.5562098e-05,0.00024002017,3.4350171e-05,0.00042700137,0.00033046419,0.9987481
20171219-102558-2.jpg,8,8,2.3068528e-05,2.1115691e-05,1.6399789e-05,3.3869665e-06,7.4035409e-06,1.4640131e-05,4.0552325e-06,3.0091364e-05,0.99987984
20170727-120034-3.jpg,4,4,3.3353344e-05,0.00010429949,0.022654901,0.00029469896,0.7570502,0.00033754225,7.9651974e-05,4.9542514e-05,0.21939581
20170906-112746-2.jpg,3,3,0.016063269,0.006362694,0.00021547858,0.6344422,0.0029651421,0.00046040953,8.3355257e-05,0.0020331806,0.33737427
20171109-074823-1.jpg,5,5,0.00080405843,0.00016399152,0.00016117434,0.00010649008,8.092742e-05,0.9967429,0.00018948979,0.00029065105,0.0014603179
20170906-113929-2.jpg,3,3,8.027805e-05,1.9549889e-05,1.3233485e-06,0.99941,1.0729004e-05,2.2629259e-05,3.1132684e-06,1.4190913e-05,0.00043818219
20171025-095809-1.jpg,3,3,0.00077492216,1.2886774e-05,4.8148784e-05,0.99730161,5.8624182e-05,0.00043930811,2.0471055e-05,4.3940761e-05,0.0013000845
20180322-133822-1.jpg,8,8,8.3902897e-05,0.00072174944,9.3732249e-05,9.0671626e-05,0.00031018563,7.5522326e-05,2.261559e-05,0.00018187573,0.99841974
20171102-100028-2.jpg,4,8,0.0020223536,0.00056171608,0.00029665833,0.0075477203,0.2370165,0.00010373024,0.0001753098,0.00065976041,0.75161625
20170920-114548-2.jpg,2,2,5.3859804e-07,6.8973222e-07,0.99997914,2.1973059e-06,9.8215938e-06,1.1296343e-06,8.6178982e-07,6.727216e-07,4.9525922e-06
20170728-153247-1.jpg,4,4,1.4098023e-05,1.0510844e-05,1.3244626e-05,1.6685306e-06,0.99905272,1.1983673e-06,2.7135686e-06,5.0061226e-06,0.00089883581
20170217-115806-0.jpg,0,0,0.99963597,5.8601893e-06,1.5599657e-05,2.982856e-06,2.0987028e-06,6.6349768e-05,1.4462651e-06,0.00023393,3.5765461e-05
20180125-131034-3.jpg,8,8,4.3213209e-06,9.6897557e-05,7.1431953e-07,2.291926e-06,8.720221e-06,1.0785044e-06,1.9501825e-05,2.3062123e-05,0.99984341
20171219-100049-2.jpg,8,8,0.00010130511,0.00027385036,9.9245202e-07,1.558718e-05,9.0966744e-07,2.5269777e-05,6.1183538e-06,5.6075736e-06,0.99957036
20180119-110641-1.jpg,8,8,9.6857647e-05,0.00059787686,1.2796852e-06,0.00011695153,3.2429753e-06,2.2157935e-05,0.00064134682,0.00023829775,0.99828199
20171102-093729-3.jpg,4,4,0.00012861872,0.00023185584,0.0006708484,0.00017467408,0.98496948,1.0706562e-05,2.4331823e-05,8.1456563e-06,0.013781338
20170811-134357-1.jpg,0,0,0.9932681,6.4920783e-05,9.4187591e-06,1.144708e-06,2.0251102e-06,1.0409826e-05,3.221681e-06,0.0065889328,5.182186e-05
20180125-133152-3.jpg,8,8,3.2353973e-05,0.00029500163,2.8104691e-06,4.8611625e-06,1.794615e-05,4.4679229e-06,2.6990246e-05,0.00014651868,0.99946905
20170207-153756-0.jpg,0,0,0.99753049,2.9934153e-05,3.2966596e-05,1.6668413e-06,6.6550543e-06,0.0017452118,2.1496014e-06,6.0034076e-05,0.00059089171
20180125-131120-2.jpg,8,8,0.0025151154,0.0049291248,0.00013352559,2.5785951e-05,3.6575496e-05,0.00011337264,7.4441756e-05,0.016448032,0.97572403
20171218-115627-3.jpg,8,8,8.0262813e-05,9.3540596e-06,6.5108881e-07,2.8342564e-05,3.9541454e-06,0.00013600995,9.5959331e-05,0.00010348545,0.99954198
20180125-091842-2.jpg,8,8,6.1600336e-06,2.0115026e-05,7.7063664e-06,2.1075359e-06,0.00031582286,3.4463051e-06,2.4095762e-05,7.8993987e-05,0.99954155
20170920-095829-1.jpg,2,2,3.9084129e-05,0.00014309768,0.99642028,6.3920753e-05,0.0023545511,7.2577373e-05,0.00011774371,3.2179481e-05,0.00075656543
20171219-100758-2.jpg,8,8,9.262804e-07,8.4468519e-05,6.3267445e-07,9.7861516e-07,1.181684e-06,1.3918652e-06,4.9094456e-07,1.0283858e-05,0.99989965
20171219-110355-3.jpg,8,8,1.2444878e-05,2.5255487e-05,6.7045763e-07,1.7702803e-05,4.2274051e-07,2.2958515e-06,1.0079322e-06,1.1621081e-05,0.99992858
20180322-133720-1.jpg,8,8,7.46387e-05,0.0029447721,0.00037827859,0.00019417088,0.0037770012,2.5510845e-05,9.7471311e-06,4.1325053e-05,0.99255456
20171113-145843-1.jpg,6,6,9.8447817e-06,6.4341542e-05,5.0616868e-06,4.8683517e-06,6.5365912e-06,2.9470618e-06,0.99965503,7.3863078e-05,0.00017751051
20180105-093543-3.jpg,8,8,8.0465744e-06,6.882337e-05,2.0421387e-06,1.7910785e-05,6.8704235e-06,1.1536118e-05,0.0075320254,0.00017831153,0.99217443
20171220-085108-2.jpg,8,8,5.0359082e-05,0.0010183122,7.0687453e-05,2.9135431e-05,7.6347902e-05,0.00027436739,0.0088156367,0.0028108623,0.98685429
20180105-100226-2.jpg,8,8,1.902625e-05,1.8429687e-05,0.000110482,2.3709604e-05,3.4289031e-05,2.0151022e-05,0.0013528293,0.00063884357,0.99778224
20170727-162422-1.jpg,4,4,5.5998609e-06,4.5963411e-06,5.4781175e-06,7.879859e-06,0.99975668,1.013096e-06,1.9647014e-06,2.7903479e-06,0.00021400125
20180322-113755-2.jpg,8,8,1.3098634e-06,4.1916015e-05,4.8117076e-07,8.0178956e-07,2.2108101e-06,1.1090862e-05,6.611416e-06,1.2272454e-05,0.99992331
20170705-161005-0.jpg,7,7,0.013624155,0.0097446942,0.00023283215,0.00014658839,6.9503028e-05,3.6961465e-05,0.0005469632,0.75337139,0.22222691
20180125-101546-1.jpg,8,8,9.9018503e-07,1.0986054e-05,4.4124427e-07,2.7490905e-07,2.0559689e-06,2.2271469e-06,1.7047032e-05,1.041084e-05,0.99995557
20171113-102321-1.jpg,5,5,0.00017391044,3.3118207e-05,1.0166062e-05,3.498946e-05,1.1537733e-05,0.99917626,9.2940601e-06,3.150417e-05,0.00051921707
20180109-090849-2.jpg,8,8,2.5570414e-05,0.0001117168,6.3849649e-06,5.9408892e-05,4.602572e-06,0.00016650253,1.8515025e-05,7.7695952e-05,0.9995296
20170714-144338-2.jpg,1,1,5.9503974e-05,0.99949202,4.7107544e-06,2.234614e-06,7.8753065e-06,3.8629831e-06,4.0257312e-05,0.00034974233,3.9792887e-05
20170129-103041-0.jpg,8,8,0.00096892236,0.0019288033,0.00074942659,0.0014513765,0.00033323259,0.0008493613,0.00041299912,0.0031321243,0.99017375
20171025-081635-2.jpg,3,3,0.00048366184,7.80664e-05,7.2156331e-05,0.99800761,0.00016147278,0.00023597598,1.0303449e-05,0.00021802206,0.00073273077
20180109-095335-2.jpg,8,8,5.940242e-05,3.2458376e-06,2.9312654e-05,3.4542831e-06,3.3343637e-05,1.7943523e-05,9.0706642e-06,4.2269486e-05,0.99980196
20170704-154408-0.jpg,7,7,0.00040991068,0.00010096996,4.8290149e-05,4.0707705e-06,3.2574826e-06,4.6822842e-05,1.5737696e-05,0.99926107,0.00010986896
20171218-103204-3.jpg,8,8,3.9827349e-06,8.9779744e-06,1.8050248e-06,1.1570247e-07,4.9571066e-07,2.2782122e-06,1.1077425e-06,3.1045338e-05,0.99995019
20170913-121615-1.jpg,5,5,0.002618892,0.00032778182,7.1677658e-05,0.0077279658,9.9010236e-05,0.988928,4.1017788e-05,0.00016076615,2.4884946e-05
20180125-102143-1.jpg,8,8,0.0018656207,0.0026393302,0.00013106748,4.4013641e-05,4.5918695e-05,0.0024442198,0.043159769,0.0032632318,0.94640683
20170127-101203-0.jpg,1,1,9.708785e-06,0.99964528,1.0557051e-06,5.2899977e-07,5.4224911e-06,2.1384382e-06,6.6059107e-05,7.7318639e-06,0.00026207148
20170718-131836-2.jpg,7,7,0.0021140073,0.0005261235,4.815029e-05,5.1070663e-05,1.8829152e-05,2.2254143e-05,1.9416612e-05,0.99706289,0.00013726205
20170727-112520-3.jpg,4,4,3.0666437e-05,8.9349611e-06,0.0028871149,8.7513083e-05,0.99450122,4.0925319e-05,4.1218691e-05,1.8621823e-05,0.0023837853
20170920-171408-3.jpg,2,2,5.1976664e-07,1.1158445e-06,0.99997834,1.3390566e-06,1.1155186e-05,1.0508271e-06,2.8698578e-07,1.3651943e-06,4.8228576e-06
20180322-103605-2.jpg,8,8,2.4078426e-06,0.00010562596,2.6234659e-06,1.9273265e-06,4.7121448e-06,1.765307e-05,3.0591976e-06,9.5330907e-06,0.99985246
20171205-134654-2.jpg,8,8,6.0187211e-05,2.6818835e-05,7.8037766e-07,6.8436904e-06,1.1341893e-06,3.5724109e-05,1.2586223e-05,4.9083083e-05,0.99980684
20180112-072025-2.jpg,8,8,0.26128717,0.055702418,0.002738933,0.0035819825,0.00119115,0.0018019735,0.0013678943,0.026124644,0.64620384
20171102-122550-3.jpg,2,2,6.013388e-07,3.7101666e-07,0.9999651,4.4187091e-07,7.813646e-06,1.7824129e-06,1.5886397e-07,5.1045214e-07,2.3220229e-05
20170718-133003-2.jpg,7,7,0.0026908641,0.00015584231,3.3764461e-05,0.00035852037,4.0121904e-06,8.2644062e-06,0.00013353533,0.99512414,0.0014910564
20180119-104954-2.jpg,8,8,2.8252409e-05,0.00065905375,6.3444232e-07,0.00013453253,1.1178186e-06,6.9919088e-05,1.7121806e-05,2.5018321e-05,0.99906435
20180112-093208-1.jpg,8,8,3.6220366e-05,6.8423961e-06,2.0109954e-05,1.1899655e-05,1.8461326e-05,2.9640721e-05,4.915387e-05,6.317664e-05,0.9997645
20170913-104511-1.jpg,3,3,0.00028767941,0.00080972924,2.9876069e-05,0.98107701,0.0032769557,0.00031980808,2.5731599e-05,2.4154768e-05,0.014149055
20170714-133654-1.jpg,1,1,3.1911166e-05,0.99955144,1.0662619e-06,3.7221725e-06,1.6315994e-06,1.1753701e-06,2.8047067e-05,0.00032500641,5.6001574e-05
20171113-120222-1.jpg,6,6,2.256091e-06,9.3614807e-06,1.109921e-06,1.7047876e-06,1.9804905e-06,1.663811e-06,0.99977484,6.7973028e-05,0.00013911247
20171203-174458-3.jpg,8,8,3.5100605e-05,0.0012010405,7.8689262e-06,2.6157114e-06,3.984401e-06,0.00012345259,1.4276285e-05,0.00015814706,0.99845351
20180105-094800-3.jpg,8,8,6.992972e-06,1.661549e-05,2.2273634e-05,1.7558875e-06,5.3864986e-05,3.3992746e-06,0.00035594945,3.0950024e-05,0.9995082
20170522-123505-0.jpg,1,1,0.014354614,0.93722775,3.1682389e-05,0.00028778068,5.4829776e-05,0.0017386345,0.0013729447,0.017320989,0.027610776
20170727-164318-1.jpg,4,4,2.8292684e-05,1.1764284e-05,3.6742346e-05,1.5847505e-05,0.99765715,5.351247e-06,4.3933773e-06,1.8172716e-05,0.0022222815
20171113-134556-3.jpg,6,6,0.00010349661,0.00023580179,0.00010701692,9.0417388e-05,6.6834344e-05,6.8705055e-05,0.95506487,0.0084849451,0.035777911
20180112-092602-2.jpg,8,8,0.00020925837,5.3919692e-05,9.2043346e-05,4.4063284e-05,2.5140713e-05,7.3515033e-05,3.9410256e-05,0.00027937803,0.99918327
20171121-072742-1.jpg,6,6,0.00014445612,0.054743167,2.4758644e-05,3.7979683e-05,4.5072386e-05,4.130057e-05,0.93959485,0.0010065984,0.0043618197
20180112-093758-2.jpg,8,8,0.00033841505,0.00030415322,0.00018487308,4.4084427e-05,6.6425941e-05,0.00033556788,0.00032382103,0.0032549404,0.99514772
20180109-072659-1.jpg,8,8,0.0004800831,0.00083153548,4.6101576e-05,1.3888802e-05,0.00029894304,5.2920717e-05,0.025630675,0.0050118743,0.96763398
20171218-110553-3.jpg,8,8,0.00025041745,0.00020011868,0.00013238439,3.4137304e-05,1.1250094e-05,0.00016333553,9.4498759e-06,0.00010729108,0.99909162
20170727-125859-3.jpg,4,4,7.9383832e-06,1.023652e-05,5.4224352e-06,8.2211922e-06,0.99415517,2.3684271e-06,8.2536929e-06,6.7677572e-06,0.0057956168
20171113-145131-1.jpg,6,6,0.0014168238,0.0048823994,0.00015373731,6.5801421e-05,0.0017763495,0.00012321888,0.88794111,0.0011050753,0.10253548
20170217-115511-0.jpg,7,7,0.00036100648,1.1987848e-05,6.2041806e-05,2.2245234e-06,2.0336653e-06,4.1907085e-05,2.4729002e-05,0.99947333,2.0742211e-05
20180112-091952-1.jpg,8,8,0.00015282266,0.00020825639,1.3361434e-05,9.5169776e-06,1.4358766e-05,2.0032731e-05,0.00033894549,0.00052056299,0.99872214
20180109-095946-1.jpg,8,8,7.3192782e-05,1.2331852e-05,1.4770938e-05,3.0765867e-05,1.4980857e-05,1.8665895e-05,3.3811402e-05,0.00044634872,0.99935513
20170707-110656-0.jpg,7,7,0.0013648752,6.4673747e-05,2.5017184e-05,0.0005202785,4.3867609e-05,8.7944656e-06,3.5690845e-06,0.99746251,0.00050640991
20171203-170858-3.jpg,8,8,2.638595e-06,4.1890652e-05,1.4972525e-06,1.4966981e-06,6.0354848e-06,9.2127515e-06,2.7166073e-05,4.104731e-05,0.99986902
20180125-132343-2.jpg,8,8,6.1825825e-05,3.3456889e-05,1.189371e-05,4.2746052e-06,8.4891581e-06,0.00020189429,2.551619e-05,0.00019417138,0.99945848
20180119-114449-1.jpg,8,8,1.4464274e-05,0.00029517734,4.0313197e-06,3.6897285e-05,4.4799404e-06,9.7633285e-06,0.0004391742,0.00015490689,0.99904111
20180112-101001-2.jpg,8,8,0.0054743826,0.0011256577,0.00012631809,2.8872338e-05,0.0011786867,0.0002513529,0.00015734894,0.00057160628,0.99108577
20170906-110809-2.jpg,3,3,0.0010354364,0.00017389142,0.00013167183,0.98955734,0.00080468847,3.1523675e-05,2.594119e-05,0.0025276358,0.0057118731
20180105-103649-2.jpg,8,8,1.5562571e-05,4.3385192e-06,4.6648526e-06,3.9462989e-06,2.2948187e-05,3.2933962e-06,7.612898e-05,4.6878286e-05,0.99982224
20171203-164941-3.jpg,8,8,0.00066527084,0.0050467005,5.3343804e-05,2.7418506e-05,1.048769e-05,4.6521284e-05,8.7907325e-05,0.0033880378,0.99067431
20180322-104029-1.jpg,8,8,1.2352405e-05,3.762623e-05,1.6772163e-06,1.9250293e-05,9.2095941e-06,6.4420101e-06,1.2092882e-06,2.8430759e-05,0.9998838
20171219-101744-3.jpg,8,8,1.1097728e-05,9.0469197e-06,2.344157e-06,2.49661e-06,1.7605335e-06,5.1397093e-05,9.1977371e-06,1.9636358e-05,0.99989302
20170410-154255-0.jpg,0,8,0.14043942,0.00066587763,0.00065793914,0.0013779915,0.00013345855,0.0066346025,0.00017922272,0.11856142,0.73135007
20171113-120024-1.jpg,6,6,5.1916868e-06,0.00012711977,3.4458461e-06,3.1204197e-06,8.2044156e-06,2.9164728e-06,0.99894455,0.00015058925,0.00075486343
20170217-100235-0.jpg,7,7,0.0005498225,2.1961191e-05,3.7836409e-05,8.1706052e-06,4.9435192e-06,3.7438199e-05,0.00036026086,0.99896392,1.5649635e-05
20180112-071548-2.jpg,8,8,1.984753e-05,0.00010629214,1.7121826e-05,2.087351e-05,2.1323189e-05,7.5047614e-06,0.00011005139,0.00036160532,0.99933538
20170811-131105-1.jpg,0,0,0.99990278,5.4106694e-06,5.2953849e-06,4.9079617e-07,6.1613159e-06,3.990631e-05,6.6405654e-07,3.5168266e-05,4.1182301e-06
20170906-113428-2.jpg,3,3,0.00095284004,0.00014434756,4.6486038e-05,0.99686714,9.640894e-05,7.0466383e-05,3.0763756e-05,0.00026668555,0.0015248585
20171025-090420-1.jpg,3,3,0.0020102278,0.00019727804,0.00039722144,0.99048561,0.0028252018,0.00039946083,0.00079093549,0.00056654823,0.0023275178
20170706-112654-0.jpg,7,7,0.00022708177,7.1527402e-05,1.1813875e-05,6.992333e-06,1.9148691e-06,1.0611781e-05,6.7734584e-06,0.99889429,0.00076899778
20180112-092509-2.jpg,8,8,0.00024636053,4.545274e-05,0.00025219102,3.8346173e-05,4.1016892e-05,0.0001245041,5.5759727e-05,0.00063762865,0.99855874
20180105-101155-2.jpg,8,8,1.1896954e-05,7.4797708e-06,8.9213868e-06,6.4862288e-06,2.6433491e-05,9.5546647e-06,0.00028681839,0.00024434569,0.99939806
20171102-122856-2.jpg,2,2,1.2227261e-06,3.5590227e-06,0.99989108,1.5567923e-06,6.5943824e-05,1.2537182e-05,2.4201643e-06,1.912171e-06,1.9769043e-05
20180125-100745-2.jpg,8,8,9.0053432e-05,2.1863309e-05,6.8841476e-06,0.00013739453,0.00025333191,5.9556664e-05,0.00015171922,2.5615283e-05,0.99925358
20170920-180912-1.jpg,2,2,8.2874707e-07,1.3869056e-06,0.99979926,2.66732e-06,0.00011248918,1.3479654e-06,5.0735076e-06,2.684228e-06,7.4262816e-05
20170913-102124-1.jpg,3,3,0.00014663156,6.1122337e-05,9.8040027e-06,0.99388805,6.4660802e-05,0.005784843,4.6323726e-06,4.0521279e-06,3.6204882e-05
20171203-172058-3.jpg,8,8,3.2778439e-05,8.378336e-05,7.1329295e-06,5.9023192e-05,1.4381856e-05,7.6335113e-05,1.5813102e-05,5.2500299e-05,0.99965825
20171217-183625-2.jpg,8,8,9.9709052e-05,4.0930876e-05,6.0386452e-06,9.0956223e-05,3.6941082e-05,0.00031323998,6.5131711e-05,0.00010186666,0.99924519
20171203-165343-3.jpg,8,8,4.5466532e-05,0.013077921,5.2453137e-05,6.8661045e-06,2.8107697e-05,0.00010171208,0.00014162206,0.00023332102,0.98631253
20170714-112128-3.jpg,1,1,0.0015508718,0.96774656,3.214144e-05,2.9993413e-05,9.6134524e-05,1.7108272e-05,6.9450377e-05,0.027101696,0.0033560407
20171113-133059-3.jpg,6,6,2.2315885e-05,2.6621387e-05,1.3117224e-05,8.9902177e-06,7.3753631e-06,8.9910845e-06,0.99929575,0.00054702271,6.9813737e-05
20171102-094016-2.jpg,4,8,0.020846664,0.0019893858,0.00037642854,0.057254606,0.37423943,0.00023458254,0.00019383731,0.00061032979,0.54425473
20170127-102411-0.jpg,1,1,3.6380765e-05,0.99911155,4.2869881e-06,2.3307251e-06,1.5030209e-05,4.7395595e-06,2.0028581e-05,2.9591404e-05,0.00077606237
20180322-132617-1.jpg,8,8,2.301059e-06,4.8181381e-05,4.0960166e-06,9.3106424e-06,9.7856729e-06,7.8771659e-06,3.4065296e-06,7.4303189e-06,0.99990761
20170315-084914-0.jpg,8,8,2.4573608e-05,0.00017484161,1.6387505e-05,0.00011202996,5.7285653e-05,7.7675752e-05,4.1229641e-05,3.0924572e-05,0.99946505
20170913-102124-2.jpg,3,3,1.5264683e-05,7.5009334e-06,9.7159664e-07,0.99986923,1.6103337e-05,7.9963697e-05,1.1786848e-06,8.6204777e-07,8.9285406e-06
20170920-185416-1.jpg,2,2,7.3852265e-07,9.872733e-07,0.99996273,3.3020814e-06,1.4279507e-05,5.3538255e-07,1.818612e-06,1.2458425e-06,1.4360065e-05
20171219-105822-3.jpg,8,8,0.0010068193,0.0063536154,6.4916287e-05,9.4656952e-05,3.4374942e-05,3.45579e-05,1.7828395e-05,0.0051182491,0.98727498
20171113-102155-3.jpg,5,5,0.00073852129,4.7654475e-05,7.1447781e-05,2.4811481e-05,5.9039221e-05,0.99884594,4.9412221e-05,0.00011079056,5.2380764e-05
20170217-095312-0.jpg,7,7,0.00027339726,5.9902819e-06,2.1365492e-05,1.2535522e-06,5.5354166e-07,1.0895784e-05,1.5242336e-05,0.99964671,2.4587405e-05
20170728-122555-3.jpg,4,4,9.2530576e-05,2.5807686e-05,6.2032035e-06,4.3763297e-06,0.99897899,2.3013832e-06,3.21517e-06,1.8455729e-06,0.00088473278
20180112-074614-2.jpg,8,8,0.00037691086,0.0010263068,0.00063009193,0.00018895858,2.2205199e-05,2.3610561e-05,4.5189203e-05,0.00054645321,0.99714027
20170811-102345-1.jpg,0,0,0.97071798,0.00045025214,0.00023432453,0.00014354121,0.001313222,9.2993502e-05,0.00015252511,0.019813624,0.0070815335
20170811-130615-1.jpg,0,0,0.99987491,1.4841562e-05,1.5867006e-05,4.0611624e-07,1.0655233e-05,1.5292099e-05,1.7292686e-06,5.8922823e-05,7.3744147e-06
20180119-104600-1.jpg,8,8,4.7831521e-06,1.6999239e-05,4.8600528e-06,2.2536772e-06,4.0746678e-06,2.8827523e-06,0.00010339184,0.00010066211,0.99976009
20170913-104050-2.jpg,3,3,0.00010380374,3.0732589e-05,9.2798613e-06,0.99867586,6.2086042e-05,0.0010683386,1.2038455e-05,4.6081429e-06,3.3250988e-05
20170705-162153-0.jpg,7,7,0.00022987779,0.00023164873,1.1016434e-06,9.7196752e-06,4.1313488e-07,1.3256622e-06,1.2403413e-05,0.9991304,0.00038311217
20180125-135642-3.jpg,8,8,9.0713199e-06,0.00053877248,7.3693255e-06,3.7687181e-06,1.2442401e-05,2.8510818e-06,1.1453885e-05,0.0013169821,0.99809729
20170210-132220-0.jpg,0,0,0.99912668,9.6254239e-07,1.8713613e-05,2.3493353e-06,1.6565679e-06,7.9736728e-05,2.7165781e-06,0.00043765795,0.00032952213
20170714-120008-1.jpg,1,1,0.00010813376,0.99968223,4.750707e-06,1.5946764e-06,1.3648277e-05,5.5427176e-06,3.1106772e-05,2.2260203e-05,0.00013072893
20170501-144912-0.jpg,8,8,0.0016016845,0.0029245736,0.00010897079,0.001658867,4.8395838e-05,0.0043131826,0.00026504016,0.0093955818,0.9796837
20170126-095837-0.jpg,1,1,5.4097893e-06,0.99978066,2.8133793e-06,9.9974852e-07,3.8567962e-06,2.0281015e-06,1.6569764e-05,7.9125143e-05,0.00010853341
20180109-094902-1.jpg,8,8,1.6938587e-05,3.5818962e-06,2.1977074e-06,4.2718397e-07,1.7262802e-06,4.3630882e-06,3.2930772e-06,3.7733658e-05,0.99992974
20180322-130742-1.jpg,8,8,9.7503424e-06,5.5592051e-05,8.8622582e-06,3.5157103e-05,4.6359177e-05,1.5588746e-05,7.8397266e-06,9.2132128e-06,0.99981164
20180109-091943-2.jpg,8,8,0.0025741543,3.1858518e-05,1.6344359e-05,5.9217961e-05,0.00024680366,0.00038942911,0.00061531514,0.00010217279,0.9959647
20171220-090155-2.jpg,8,8,4.8433889e-05,5.6847886e-05,1.5918597e-07,6.8247732e-06,1.1470035e-07,6.0969228e-06,3.6757604e-06,8.240687e-05,0.99979544
20170217-143520-0.jpg,7,7,0.00091668815,5.4561019e-06,1.5853341e-05,9.5154124e-07,4.3463625e-07,1.8449862e-05,0.00012492838,0.9989123,4.9373669e-06
20170718-095128-2.jpg,0,0,0.98500254,0.00016859272,0.00013777494,0.012224709,2.9802652e-05,0.0004431052,4.7957704e-05,0.0013031352,0.00064237892
20171102-103056-1.jpg,2,2,2.4047356e-06,2.470275e-06,0.99993338,2.8986561e-06,3.0236028e-05,5.7304781e-06,8.4095363e-07,5.1557116e-06,1.6879672e-05
20171220-100216-2.jpg,8,8,0.00039702928,1.5650769e-05,2.6935882e-06,3.6082435e-06,6.9279125e-07,9.8873511e-05,7.6792966e-06,3.3575201e-05,0.9994402
20171218-110217-3.jpg,8,8,0.00019854607,0.044756217,1.3462554e-05,3.9708664e-06,9.0308116e-06,0.00075380711,4.7817029e-05,0.00010757951,0.95410957
20171025-093900-3.jpg,3,3,0.047006027,0.00066083738,0.027798128,0.69877193,0.038307671,0.0027680916,0.00042047917,0.0019603989,0.18230644
20171102-115337-1.jpg,2,2,3.7779046e-06,3.9289593e-06,0.99994586,5.7770625e-06,2.2890702e-05,6.2370308e-06,8.9542711e-07,2.1676649e-06,8.4662703e-06
20170920-155912-3.jpg,2,2,1.0859859e-05,3.3198413e-06,0.99986899,3.8967189e-05,2.3629086e-05,8.729235e-06,1.1120946e-06,4.6402268e-06,3.9754653e-05
20180125-132229-2.jpg,8,8,0.00025020939,0.00012546431,2.4237591e-05,1.0267152e-05,1.2898847e-05,0.00029241123,7.4502007e-05,0.00061474473,0.99859526
20170728-155132-1.jpg,4,4,8.8056518e-06,6.2055658e-06,1.8902896e-05,9.4681832e-06,0.99934282,2.0333845e-06,2.3383184e-06,1.3065723e-06,0.00060811603
20171122-101924-1.jpg,5,5,0.00051939973,0.00030590839,0.00030512654,6.1121384e-05,0.00025967393,0.99671113,0.00040961786,0.00030960297,0.0011184208
20180125-093418-2.jpg,8,8,9.1483528e-07,9.8513666e-05,1.2978228e-06,6.5924567e-07,3.6166012e-06,1.1199796e-05,6.8373132e-06,2.0083747e-05,0.99985688
20171219-105614-2.jpg,8,8,2.0634923e-05,0.0012520216,2.3609919e-05,7.8907171e-05,9.8527543e-05,4.9812521e-05,3.040622e-06,2.1455741e-05,0.99845199
20180109-073157-2.jpg,8,8,1.4996299e-05,0.00014907647,9.5476467e-06,4.6143528e-05,6.3724704e-05,9.1965503e-06,0.00062540193,0.00010030227,0.99898161
20171212-094107-3.jpg,8,8,9.3482201e-06,8.8063796e-06,1.2222764e-07,3.1898921e-06,1.1789601e-07,1.5502328e-05,2.722864e-06,6.6005366e-06,0.99995359
20171121-090353-3.jpg,6,6,4.3355953e-06,0.00013942086,2.4936882e-06,1.73331e-06,2.9862354e-06,2.3257607e-06,0.99971374,8.3722501e-05,4.9246599e-05
20180112-070725-2.jpg,8,8,0.00013838047,0.00035582925,2.8208417e-05,2.6327563e-05,8.9307289e-05,1.9546458e-05,5.1647893e-05,0.00081932384,0.99847143
20180125-092822-2.jpg,8,8,1.4663441e-06,0.00012398849,7.6925561e-07,5.5574376e-07,3.076325e-06,1.8744401e-05,1.7447102e-05,2.2616588e-05,0.99981134
20180112-072137-2.jpg,8,8,0.0011543842,0.0008790688,5.9505475e-05,0.00023833804,0.00019279914,0.00010044343,0.00010308846,0.0045419501,0.99273042
20180322-112403-2.jpg,8,8,1.6592144e-06,1.8088157e-05,1.7476064e-06,7.2692553e-07,5.2027161e-06,5.2114265e-06,1.1692573e-06,7.8559254e-06,0.99995834
20180112-075900-2.jpg,8,8,0.00063106979,0.012753544,7.6437503e-05,9.9317165e-05,2.2583915e-05,3.2299479e-05,0.00081656069,0.21688991,0.76867828
20180109-075317-1.jpg,8,8,6.138949e-05,8.4588564e-05,8.3348761e-05,8.7354478e-05,8.4404416e-05,2.9938821e-05,0.0021150412,0.0013666548,0.99608728
20171113-155924-0.jpg,6,6,3.9749361e-06,0.00016196052,2.0414857e-06,1.7567626e-06,1.7998688e-06,1.1057999e-06,0.9997823,4.0395531e-05,4.6683965e-06
20180109-100358-2.jpg,8,8,0.001609974,0.0016513878,0.00063849467,0.0016507416,0.020197409,0.00018626317,0.00016570205,0.00076363327,0.97313639
20171212-095905-1.jpg,8,8,9.3882881e-06,0.00017056566,6.9978727e-07,1.7236415e-05,2.2549643e-06,1.2240884e-05,2.0497824e-06,2.912075e-05,0.99975644
20171205-145217-2.jpg,8,8,0.00037592521,0.0040570871,7.4235095e-05,0.00021147524,3.2616314e-05,0.001989801,7.8458889e-05,0.00024847957,0.99293192
20170705-161651-0.jpg,7,7,0.0014304434,5.252979e-05,1.4575824e-05,9.4546087e-05,2.6557453e-06,1.6147909e-05,8.641091e-06,0.99777716,0.00060329627
20170728-120037-2.jpg,4,4,1.0917356e-05,2.5446082e-06,7.1862036e-06,3.0398817e-06,0.99941149,1.7735775e-06,1.5739792e-06,2.6528915e-06,0.00055882641
20171203-172251-3.jpg,8,8,0.00055015783,0.00095801717,6.373372e-05,0.00042836582,0.00039654976,0.00011090295,0.0014608079,0.0019852807,0.99404618
20171113-102257-1.jpg,5,5,0.0038407497,0.00023295193,0.00013123237,5.6801352e-05,8.9997616e-05,0.99239318,2.922808e-05,0.00077704368,0.0024488126
20171025-081111-2.jpg,7,7,0.0014517157,0.00028657603,0.00032176708,0.0018257399,2.323389e-05,3.6338629e-05,1.8187737e-05,0.99380382,0.0022326257
20180119-113809-2.jpg,8,8,0.00099240859,0.00057450655,8.8863825e-06,2.7309019e-06,1.8290837e-06,0.00046313511,2.4189462e-05,4.1065407e-05,0.99789125
20171113-152255-0.jpg,6,6,3.1804204e-05,0.00056086875,8.0396438e-06,4.0167455e-06,5.4446205e-06,8.972799e-06,0.99756503,0.0017952508,2.0569262e-05
20170217-113124-0.jpg,7,7,0.00013568051,8.6750281e-06,2.3452807e-05,1.2567453e-06,7.9861473e-07,3.2096235e-05,1.3820478e-05,0.99978232,1.8991356e-06
20180322-104140-2.jpg,8,8,1.8927105e-05,0.00010990741,3.1799367e-06,1.0429914e-05,6.9124585e-05,1.1319546e-05,6.3347086e-06,0.00013073655,0.99964004
20180109-095936-1.jpg,8,8,0.0076839216,3.1898509e-05,9.6144703e-05,9.6844499e-05,1.9442653e-05,6.2909908e-05,3.0980402e-05,0.0021389486,0.98983891
20171109-092312-1.jpg,5,5,0.00012215966,2.5056317e-05,4.4056382e-05,5.753876e-06,2.1396877e-05,0.99969784,1.8031291e-05,4.5727622e-05,1.9975285e-05
20170811-132457-1.jpg,0,0,0.99906095,1.2648626e-05,7.2262977e-06,5.1855199e-06,2.0122621e-06,0.00014823095,8.044356e-07,0.00070601319,5.6930099e-05
20170715-115848-1.jpg,1,1,2.392984e-05,0.99971057,1.0385181e-05,2.4256043e-06,4.6085741e-05,2.5029903e-06,5.5925564e-05,3.8654219e-05,0.00010952521
20180105-101007-2.jpg,8,8,5.0605182e-05,4.309797e-05,0.0002506332,1.9215801e-05,0.00016936508,5.3238371e-05,0.0035073906,0.00095100076,0.99495545
20180322-131925-1.jpg,8,8,2.8072419e-06,3.8415201e-05,2.0125974e-06,2.1134656e-06,8.2545867e-06,3.6519771e-06,4.2195841e-06,2.0336974e-05,0.99991819
20170729-093539-2.jpg,4,4,2.7637479e-05,2.6582398e-05,1.8394549e-05,2.8491309e-05,0.99748945,8.9182006e-06,6.8226013e-06,1.5633426e-05,0.0023780655
20180112-091928-2.jpg,8,8,0.0015022833,3.6874625e-05,0.00025191461,9.7760432e-05,2.4222734e-05,8.9597189e-05,2.5639852e-05,0.0012726001,0.99669911
20170920-191022-1.jpg,2,2,1.5107511e-06,5.229853e-06,0.9998717,1.0705244e-05,6.1227538e-05,2.9149272e-06,6.6479179e-06,1.9492482e-06,3.8112788e-05
20171113-093016-3.jpg,5,5,0.0017855478,0.00011074452,0.00046708477,3.8310791e-05,0.00021166646,0.99671952,0.00021514968,0.0003768176,7.5155202e-05
20180125-093357-1.jpg,8,8,4.9013878e-06,6.0377916e-05,1.3101716e-05,1.8080876e-06,0.00015501189,2.4434574e-05,2.7920397e-05,1.5685753e-05,0.99969676
20171025-075224-3.jpg,3,3,0.0026475186,8.5771458e-05,2.5348101e-06,0.9956268,1.9413188e-05,3.3869096e-05,3.8102924e-06,0.00037869968,0.0012015825
20170217-100826-0.jpg,7,7,0.00026006286,1.5149078e-05,2.6014907e-05,7.7614006e-07,8.8099254e-07,7.7326838e-06,8.5695939e-06,0.99967639,4.4241382e-06
20180109-101554-2.jpg,8,8,0.003753618,0.00087004358,0.0014760944,0.0011224848,0.0070859251,0.00023582515,9.7993659e-05,0.0046628643,0.98069515
20170727-113738-1.jpg,4,4,1.6415418e-05,8.5606798e-06,0.0014390915,2.4696006e-05,0.99582644,2.2063092e-05,2.1666952e-05,9.9001903e-06,0.0026311663
20180109-075135-2.jpg,8,8,0.00014967771,0.00055682936,0.0023631954,0.00031834847,0.0022523402,8.6643804e-05,0.0023218571,0.00036141072,0.9915897
20170501-144755-0.jpg,8,8,0.0041806509,0.019279937,0.00024783775,0.0013164455,2.9581721e-05,0.0038160573,0.0012011608,0.032376344,0.93755199
20171109-085908-2.jpg,5,5,0.00046542252,4.8983356e-05,0.00010305723,2.3258823e-05,8.0576723e-05,0.99902093,0.0001005158,0.00012972814,2.7531537e-05
20180125-093838-1.jpg,8,8,6.5925572e-07,7.1414062e-05,1.700203e-06,6.8012429e-07,5.1736723e-06,3.1147072e-05,1.622341e-05,1.3126685e-05,0.99985988
20180125-095610-1.jpg,8,8,0.00068288871,0.00031041932,2.7045963e-05,7.9646804e-05,5.4920517e-05,0.00059201352,0.0014180958,0.0019000444,0.99493492
20171113-101853-3.jpg,5,5,0.00037843673,3.5790333e-05,0.0001915009,1.5509979e-05,8.6806899e-05,0.99893085,2.4851538e-05,0.00028806501,4.8193165e-05
20180112-092031-2.jpg,8,8,5.1010088e-05,1.6614761e-05,3.9742087e-05,9.4323934e-06,1.4504006e-05,0.00014776683,1.902373e-05,9.3360201e-05,0.99960855
20170727-171838-3.jpg,4,4,0.00052617255,0.000423807,0.00037137622,0.0002614573,0.92889368,7.2181627e-05,0.00011308831,0.00035753619,0.068980705
20171113-151910-1.jpg,6,6,8.9637814e-05,0.00015860645,3.4569626e-05,3.7665546e-05,5.0388865e-05,5.004474e-05,0.99536359,0.00028019786,0.0039352951
20171113-061216-1.jpg,6,6,0.00047831803,0.00514892,0.0041622046,0.00035568716,0.0030691982,0.00077778669,0.74718195,0.001155658,0.23767028
20170727-144629-1.jpg,4,4,8.2640496e-06,1.2671832e-05,0.00020379996,5.0776923e-06,0.9994675,3.4680816e-06,4.6860661e-06,2.2975337e-06,0.00029223561
20171203-172811-3.jpg,8,8,0.0023244427,0.012220489,2.2958473e-05,0.00076812192,4.5093218e-05,0.00049238315,0.00011549494,0.0040782978,0.97993272
20170704-151247-0.jpg,7,7,0.0080119563,0.00064296749,6.2523086e-05,9.8534879e-05,2.165651e-05,5.1753978e-05,2.3571385e-05,0.98828941,0.0027976271
20180125-093256-1.jpg,8,8,7.3508898e-07,1.8007677e-05,2.4050526e-06,5.3043671e-07,2.2559629e-05,4.9402816e-06,8.8961801e-06,6.7781177e-06,0.99993515
20170715-164851-1.jpg,1,1,3.3645752e-05,0.99989659,3.6773035e-06,9.2720098e-07,6.0371636e-06,2.7196922e-06,1.3326408e-05,1.2299927e-05,3.0778834e-05
20171220-093340-2.jpg,8,8,0.00015834873,0.0040365747,3.9057845e-06,1.4290402e-05,7.6515646e-06,0.00017624653,0.00021634437,0.00026734104,0.9951193
20171212-100701-3.jpg,8,8,5.1860486e-06,1.7028062e-05,7.9868376e-07,1.1047428e-05,7.2099999e-07,8.0173843e-06,1.2705322e-06,1.465682e-05,0.99994127
20170906-114413-4.jpg,3,3,0.026510461,0.00043027124,0.00083495917,0.94186318,0.0042362495,0.00041628689,0.00012580332,0.00054325379,0.025039531
20170804-131944-1.jpg,0,0,0.97389173,0.00055885852,9.6646077e-05,0.00029150294,5.7978621e-05,0.022355215,6.3484693e-05,0.0017517515,0.00093283003
20170501-144018-0.jpg,1,1,0.00033021854,0.53864423,0.00055182895,2.8466536e-05,0.00015623539,0.00087774913,0.00053017532,0.00037285323,0.45850824
20171220-084046-3.jpg,8,8,0.00014731522,5.1548818e-05,2.8431616e-06,5.5308418e-05,9.929129e-06,0.00015051366,2.9520233e-06,8.5604798e-05,0.99949398
20170920-113851-3.jpg,2,2,1.8747738e-06,2.2174747e-06,0.9999288,2.1179872e-06,2.7555799e-05,2.149598e-06,2.1285739e-06,3.2900392e-06,2.9870402e-05
20171102-121033-3.jpg,2,2,5.1834092e-05,0.00011742859,0.99845708,6.3929604e-05,0.00080032769,0.00010676808,1.7263069e-05,1.807451e-05,0.00036729406
20171113-133848-1.jpg,6,6,0.00046331253,7.5037802e-05,2.2050637e-05,2.2249828e-05,4.8886382e-05,3.6520633e-05,0.993085,0.0037567872,0.0024901526
20180105-104711-1.jpg,8,8,0.00016585444,0.00018652421,0.00042343727,0.00059900219,0.00057722806,4.6445764e-05,0.0016477503,0.00039858885,0.99595517
20170913-103319-3.jpg,5,5,0.00035280918,1.9635415e-05,0.00026411777,0.00010841714,0.00014662359,0.99894648,1.0189342e-05,0.00010381474,4.7910778e-05
20170706-113419-0.jpg,7,7,0.00022927709,0.0015666807,2.9343695e-05,1.0848401e-05,5.4822844e-06,7.3475513e-06,6.6582999e-06,0.99736448,0.00077988439
20171109-071541-3.jpg,5,5,0.00025474212,1.068058e-05,7.9974504e-05,3.67806e-05,3.907867e-05,0.9988798,7.8145025e-05,0.00054784562,7.2953355e-05
20180109-090543-2.jpg,8,8,0.0004233671,7.3116112e-06,1.7112075e-05,8.9889454e-05,7.3538598e-06,2.5753838e-05,1.7374261e-05,0.00042454213,0.9989873
20170906-104758-1.jpg,3,3,0.0038474707,0.00011613879,2.2200594e-05,0.99350399,0.00048495111,5.1261918e-05,1.4242393e-05,0.00064645612,0.0013132892
20171113-120119-1.jpg,6,6,5.3415851e-06,1.5631328e-05,1.9583562e-06,3.966632e-06,2.3145775e-06,2.1025588e-06,0.99966839,0.00011521032,0.00018508383
20170705-165122-0.jpg,7,7,7.7660815e-05,6.1974427e-05,2.4813844e-06,9.0604339e-06,1.5811757e-06,3.0850166e-06,4.8773473e-06,0.99972593,0.00011335164
20170920-113312-3.jpg,2,2,7.8652132e-07,4.2710055e-07,0.99990969,4.9364902e-06,5.3365512e-05,1.6683379e-06,3.0337379e-06,1.399981e-06,2.4688975e-05
20170913-095836-2.jpg,3,3,0.0009365956,0.00020124398,9.851835e-05,0.99506302,0.001104694,0.0022903929,2.9281973e-05,5.2037736e-05,0.00022421337
20170718-100410-2.jpg,0,0,0.8230691,0.12176931,7.853674e-05,0.0010192701,3.2866589e-05,8.4579705e-05,0.00074182004,0.012137576,0.041066937
20180109-070932-2.jpg,8,8,1.2849841e-05,2.649903e-05,2.7784895e-05,4.4485299e-05,3.7045774e-05,1.2487591e-05,0.0015408788,0.00022455001,0.99807342
20180109-103017-1.jpg,8,8,2.2691552e-05,6.2529388e-05,3.8893692e-06,3.9609639e-06,5.5337461e-06,4.2898793e-05,0.00022775429,8.9092849e-05,0.99954165
20171109-095002-2.jpg,5,5,0.07742233,0.11637352,0.00046890733,0.00082760387,0.00027416049,0.75050962,0.0027001321,0.030045563,0.021378172
20170718-101956-2.jpg,0,7,0.41998602,0.0095822802,0.00048811096,0.0011819807,0.00010120561,0.024542421,0.00099686537,0.50516401,0.037957108
20180109-070037-1.jpg,8,8,1.5903603e-05,0.00054751133,1.5326669e-05,1.3240355e-05,3.8743719e-05,1.8669368e-05,0.0031510831,0.0011543236,0.9950452
20170217-120051-0.jpg,0,0,0.99920685,4.9670569e-06,3.4748094e-05,7.9281667e-06,5.1084557e-06,0.0004526991,6.6634769e-06,0.00021923615,6.1798347e-05
20171219-095916-2.jpg,8,8,4.9042745e-06,0.00027749941,7.8815755e-07,1.0219607e-06,7.0097414e-07,3.5021864e-05,3.1220086e-06,2.8641027e-06,0.99967408
20171113-134247-3.jpg,6,6,0.0011371541,0.0011445783,0.00023559433,0.00014996766,0.00011218346,0.00020729018,0.99334673,0.0020687635,0.0015977358
20170610-123533-0.jpg,1,1,3.7477882e-05,0.99987748,3.6025872e-06,1.3131731e-06,5.4527549e-06,5.549309e-06,1.6408347e-05,3.8094492e-05,1.4624117e-05
20171217-103317-2.jpg,8,8,0.00013902188,0.00024482193,7.8404761e-05,0.00034735585,0.00020683463,0.0026262697,0.00038087227,0.00016285338,0.99581357
20180119-110301-2.jpg,8,8,0.00018456851,0.00020425213,6.7195164e-05,1.977532e-05,3.3671551e-05,1.0839206e-05,0.00015041122,0.00050339478,0.99882589
20171203-172202-3.jpg,8,8,1.3973727e-05,5.5603794e-05,6.1495462e-06,1.1144063e-05,7.7910975e-06,1.2775547e-05,1.0496186e-05,0.00068218266,0.99919988
20180125-134614-3.jpg,8,8,0.00040238184,0.00045271781,5.2746935e-05,9.2291845e-05,0.00013190441,2.5869241e-05,0.01273555,0.0060789208,0.98002762
20170315-084949-0.jpg,8,8,5.7327639e-05,0.00014163988,7.5903492e-06,0.00032222491,1.6006698e-05,2.0309165e-05,1.6176024e-05,0.0020979735,0.99732075
20171025-095706-2.jpg,3,3,0.0010760509,1.9382998e-05,9.5932078e-05,0.99790117,7.4980194e-05,0.00022387772,1.0240423e-05,0.00010464472,0.00049371834
20171205-123820-2.jpg,8,8,5.5325736e-05,5.570017e-05,2.3824163e-06,1.4340703e-05,8.6176557e-06,0.00013300961,6.0109215e-06,3.5369149e-05,0.99968924
20171109-093217-1.jpg,5,5,9.6187801e-05,1.4714007e-05,2.5503507e-05,8.0229486e-06,1.9285128e-05,0.99968732,3.76584e-05,3.8026492e-05,7.3279991e-05
20180112-092849-2.jpg,8,8,0.00025157907,0.00012944509,2.0691967e-05,1.7187242e-05,8.3852797e-06,2.2081904e-05,4.6716166e-05,0.00061407991,0.99888983
20170727-170549-1.jpg,4,4,7.7716754e-05,4.413469e-05,0.0006486846,0.00011601736,0.99618493,3.8742329e-06,2.9215772e-05,6.3253861e-05,0.0028321723
20170315-090727-0.jpg,8,8,0.0011114972,0.031698616,0.00020882996,0.00034640982,0.00054318071,0.0049360141,0.00058262527,0.00086801173,0.95970482
20170304-130916-0.jpg,7,7,0.00056712342,5.7291674e-06,5.2352475e-06,7.7121308e-06,1.0095075e-06,4.0675403e-06,8.9985331e-06,0.99935515,4.4972259e-05
20171109-091644-3.jpg,5,5,6.8870528e-05,8.7554142e-06,2.6032507e-05,6.6895143e-06,1.0713351e-05,0.99978161,2.4108319e-05,2.3048547e-05,5.0169257e-05
20170920-183139-1.jpg,2,2,1.0053806e-06,1.1931048e-06,0.99995423,3.4556795e-06,1.9711163e-05,2.0374815e-06,1.8037865e-06,1.6471582e-06,1.4920792e-05
20170126-100349-0.jpg,1,1,1.2047754e-05,0.99995875,5.4562453e-07,3.2444086e-07,2.8996977e-06,2.9020234e-06,5.5623963e-06,1.1945746e-05,5.0250952e-06
20170128-103847-0.jpg,8,8,0.00013218946,0.0014153035,0.00023380878,9.648093e-05,4.0423513e-05,8.6541253e-05,7.905991e-05,0.0022268678,0.99568932
20170217-121703-0.jpg,0,0,0.99984947,1.7388677e-06,1.4891922e-05,3.0694616e-06,2.4009097e-06,2.3893151e-05,2.6062024e-06,9.3657562e-05,8.2720753e-06
20180109-071628-1.jpg,8,8,0.00046728316,4.5589455e-05,7.4658701e-06,6.049042e-06,4.6224609e-05,3.9188846e-05,0.00056706547,0.00053509065,0.99828604
20170718-101355-2.jpg,0,0,0.58189413,0.0020369777,0.0018254546,0.01286273,0.0043572156,0.0013177855,0.00019801382,0.35575647,0.039751228
20170920-172820-1.jpg,2,2,0.00096371121,0.0021399923,0.94239021,0.0028877346,0.010236065,0.00013671044,0.00014435173,0.0002426489,0.040858579
20180112-093459-1.jpg,8,8,0.00019671574,2.8498129e-05,2.998685e-05,9.7306352e-06,8.4910897e-06,6.4430811e-05,4.9675825e-05,0.00016824059,0.99944423
20170304-123621-0.jpg,0,0,0.89259467,0.001495154,0.00042261704,0.00014081223,0.00027693436,0.0017627742,3.2277919e-05,0.081491925,0.021782832
20171217-103545-2.jpg,8,8,0.00050449474,0.0023560809,4.094562e-05,4.5621469e-05,0.00010978997,0.0010905341,4.0597499e-05,0.0012634392,0.9945485
20180322-103303-1.jpg,8,8,1.1284333e-05,8.0700133e-05,2.3340768e-06,2.1581902e-05,3.8887755e-05,1.2400573e-05,2.6862746e-06,5.9885991e-05,0.99977024
20170920-163825-3.jpg,2,2,0.0019301187,0.0005250232,0.98177172,0.0089787277,0.00067841085,0.00035560439,4.1745419e-05,0.00024596067,0.0054726847
20170501-144625-0.jpg,8,8,0.027822921,0.017239709,0.00023103601,0.00222579,5.0753485e-05,0.0033806503,0.00014671338,0.043166045,0.90573638
20171113-132644-1.jpg,6,6,3.6653756e-05,0.00011207647,7.2271293e-06,1.0089014e-05,7.4921802e-06,3.7481502e-06,0.99961486,0.00016914462,3.8708556e-05
20180109-072451-2.jpg,8,8,0.00081887788,5.9249985e-05,0.00010561355,1.6198752e-05,4.6076601e-05,9.6564334e-05,0.00097558027,0.0026588171,0.99522302
20170913-120303-2.jpg,5,5,6.6648484e-05,0.00010693384,8.2834119e-05,0.00020323439,0.00014489115,0.99709708,2.8931587e-05,0.00018066627,0.0020887832
20170210-132421-0.jpg,0,0,0.99424189,0.00056199318,0.00039494943,1.6045495e-05,8.9745006e-05,0.00012678709,0.00021035517,0.0028796637,0.0014785717
20171025-074248-1.jpg,3,3,0.0010776395,0.00066300274,0.00015659354,0.9862519,0.0057803895,0.00044965248,9.1946042e-05,7.1522812e-05,0.0054573578
20180125-132730-2.jpg,8,8,1.2972353e-05,2.6047427e-05,4.3623228e-06,2.5840073e-06,4.4846626e-06,5.3638141e-05,3.182543e-05,7.4107441e-05,0.99978998
20170714-111525-2.jpg,1,1,1.6750191e-05,0.99990545,1.2566431e-06,5.3696193e-07,2.2853341e-06,4.5498803e-06,7.9152636e-06,3.908458e-05,2.2172352e-05
20171220-091629-2.jpg,8,8,0.086974779,0.0019807326,1.4671086e-05,0.0023711043,3.4404498e-05,0.0040163769,0.002276521,0.017945882,0.88438553
20170404-153533-0.jpg,7,7,0.00032895644,0.0012473226,4.0949504e-05,1.5213192e-05,6.0785773e-06,1.0452615e-05,1.2885089e-05,0.99830712,3.1026759e-05
20180109-085317-2.jpg,8,1,0.01119008,0.47399599,0.00019789121,0.00088567451,0.0013354939,0.00028904555,0.0026797129,0.12869051,0.3807356
20170705-170149-0.jpg,8,7,0.00029874395,4.0092357e-05,4.9678381e-05,0.00044279884,3.7959886e-05,7.8484814e-06,1.6821627e-05,0.99631043,0.0027956279
20180105-100314-3.jpg,8,8,9.4711285e-06,1.2310895e-05,7.2950208e-06,9.7104389e-06,1.0809811e-05,1.2207431e-05,0.000986251,9.9742e-05,0.9988522
20180322-121645-2.jpg,8,8,4.183785e-07,1.173049e-05,3.034154e-07,6.5258301e-07,6.0814863e-07,5.9903414e-06,7.5121798e-06,1.0362678e-05,0.99996242
20180105-093204-3.jpg,8,8,0.00015532683,0.012090354,0.00015752695,0.00017275937,0.00097116819,0.00015979182,0.0081384492,0.00029589266,0.97785873
20171203-172701-3.jpg,8,8,1.5023192e-05,0.00066511266,4.3677827e-07,6.7069974e-06,5.7935507e-07,3.5552077e-05,2.7103155e-06,1.440118e-05,0.99925948
20171109-074906-3.jpg,5,5,0.00018361416,6.7279928e-05,0.00011925386,1.4022472e-05,4.5092735e-05,0.99895016,0.00035976106,0.00018285639,7.7963451e-05
20170811-115153-2.jpg,0,0,0.99980435,9.7423794e-06,4.5576139e-06,1.1922497e-06,2.3257917e-06,9.3201583e-06,3.3816847e-06,7.036053e-05,9.4772697e-05
20180109-095809-1.jpg,8,8,1.5440339e-05,3.9089399e-05,9.1615468e-06,2.2278118e-05,2.0057173e-05,1.7519371e-05,3.0364269e-05,0.00028150244,0.99956459
20170705-164435-0.jpg,7,7,0.0032248655,0.00013932745,8.3003639e-06,0.040402729,2.9744363e-05,1.4709942e-05,2.0041131e-05,0.93816353,0.017996749
20180112-071817-2.jpg,8,8,3.2879206e-05,0.00014882084,1.1907287e-05,5.5973909e-05,2.204557e-05,1.5284105e-05,7.9012664e-05,0.0003752625,0.99925881
20171219-102113-3.jpg,8,8,2.1701806e-05,2.1842098e-05,2.6380892e-06,4.2790836e-06,3.8570282e-06,9.0821259e-05,1.1888057e-05,1.5653461e-05,0.99982732
20170217-145044-0.jpg,7,7,0.0074342952,6.6595505e-06,3.3121974e-05,2.8397907e-06,4.1249249e-06,3.3767365e-05,1.0133964e-05,0.99245404,2.1019132e-05
20180112-081232-1.jpg,8,8,6.7844268e-06,2.1280436e-05,7.4342645e-06,1.2107052e-05,8.676782e-06,6.6359511e-06,1.9114891e-05,0.00016190879,0.99975606
20170714-114758-3.jpg,1,1,4.9736349e-06,0.99993741,3.6553537e-06,1.8400341e-06,5.4620278e-06,1.1113457e-06,3.3910773e-06,2.1815552e-05,2.0341135e-05
20180125-132623-2.jpg,8,8,0.00013410928,9.3210095e-05,1.1417538e-05,4.7606852e-06,6.2202839e-06,0.00011308182,3.3200966e-05,0.00019292667,0.99941107
20180119-115712-2.jpg,8,8,6.9025295e-05,0.0010588069,2.7119411e-06,8.0374887e-06,4.4402273e-06,0.00018908,1.6179859e-05,1.022751e-05,0.99864149
20171113-132125-1.jpg,6,6,4.2181613e-05,0.00020013541,2.0359533e-06,3.8973763e-06,2.582613e-06,4.5999509e-06,0.99951779,0.00019033391,3.6444919e-05
20170920-184837-1.jpg,2,2,4.423719e-07,1.5485106e-06,0.99997791,1.1136434e-06,7.2021812e-06,2.058555e-06,7.2698773e-07,9.0535741e-07,8.0909054e-06
20170706-112935-0.jpg,7,7,0.016791298,0.00082568422,0.00098996516,0.0003120147,7.7995081e-05,8.860071e-05,7.92598e-06,0.93545423,0.045452282
20180109-100203-1.jpg,8,8,0.00011331952,2.4508486e-05,1.1336187e-05,1.9476058e-05,8.1265204e-06,4.3215219e-05,3.2106572e-05,0.00061615567,0.99913176
20180112-074323-1.jpg,8,8,1.060161e-05,6.9980817e-05,7.0065399e-06,2.0365911e-05,7.7519629e-06,8.4226264e-06,4.3281129e-05,0.00032258608,0.99951
20171025-090101-2.jpg,3,3,0.0062753988,0.0001321842,0.00013846577,0.99019342,0.0011620424,0.00024614435,1.474176e-05,0.00037244142,0.0014651646
20171113-151947-1.jpg,6,6,2.9409364e-05,6.795483e-05,9.3473465e-06,1.2597859e-05,8.6524686e-06,4.5529939e-06,0.99951429,0.00033487088,1.8321961e-05
20180125-135322-3.jpg,8,8,5.1288931e-06,0.00014356877,6.4860371e-06,1.3200428e-05,2.7395498e-05,4.533586e-06,2.6285327e-05,6.0784439e-05,0.99971262
20170129-102300-0.jpg,8,8,0.00037848491,0.0031131787,0.00010257896,0.0012287776,0.00037735738,0.00052973059,0.00013959575,0.00059383097,0.99353647
20170728-120101-2.jpg,4,4,4.1218527e-06,3.4256311e-06,1.671961e-05,6.5248491e-06,0.99968023,2.756726e-06,2.1785414e-06,1.5958615e-06,0.0002824494
20171109-073350-1.jpg,5,5,0.00013140173,3.5493527e-05,7.973627e-05,1.914205e-05,2.7719966e-05,0.99938273,6.0758406e-05,0.00016193041,0.00010108697
20170920-190306-1.jpg,2,2,4.1461772e-07,6.3433232e-07,0.99998299,2.6498292e-06,7.0251479e-06,8.4932449e-07,5.62397e-07,8.8322087e-07,3.9866937e-06
20171102-104243-1.jpg,2,2,9.7951941e-06,1.366584e-05,0.999394,3.2980394e-05,0.00045817623,1.0170481e-05,3.7623969e-06,6.3632324e-06,7.1082864e-05
20171205-144731-2.jpg,8,8,0.00015454427,0.002343258,8.0400116e-06,5.9632406e-05,1.8355542e-05,0.054247936,0.00014053729,2.2712636e-05,0.94300498
20171109-073153-3.jpg,5,5,0.0029642179,0.00017927318,0.00022025846,0.00010239216,0.0001240212,0.99072684,0.00064157669,0.0017123083,0.0033291116
20171102-123047-1.jpg,2,2,5.3617466e-05,1.6311386e-05,0.99956584,1.2408312e-05,0.00010387192,0.00011351165,4.373666e-06,9.2355353e-05,3.7713408e-05
20171219-092908-2.jpg,8,8,1.5161204e-05,4.6941716e-05,1.8839577e-07,1.2965426e-05,3.7899671e-07,1.59098e-05,3.3438789e-06,2.681531e-06,0.99990243
20171219-114304-2.jpg,8,8,0.00082740686,0.00015261538,0.044932687,0.00056823117,0.0014432761,0.00018466361,0.010285566,0.0036987937,0.93790676
20171220-090721-2.jpg,8,8,0.00013311933,0.00073345297,2.36375e-05,1.7875533e-06,1.3030238e-05,6.2336044e-05,1.4996421e-05,0.00011585757,0.99890178
20170727-143646-1.jpg,4,4,0.0010475715,0.00045749459,9.3164386e-05,0.00037184376,0.96873201,0.00059024739,5.649573e-05,0.00017836605,0.028472804
20180109-080259-2.jpg,7,6,0.00044521081,0.00034859461,2.8878343e-05,3.7616406e-05,5.3175766e-06,0.00012025921,0.8660986,0.1320321,0.0008834289
20170714-140428-2.jpg,1,1,4.228381e-06,0.99985773,7.4434671e-07,1.3982723e-06,5.1710313e-06,2.1736313e-07,5.2131751e-07,2.9688162e-05,0.00010030238
20180322-112213-2.jpg,8,8,9.2844563e-07,2.0550283e-05,1.6596612e-06,1.1774407e-06,2.1298511e-06,4.1674634e-06,3.0969965e-06,7.4114698e-06,0.99995888
20180119-114711-2.jpg,8,8,7.1111345e-07,1.954277e-05,4.0900188e-07,1.0370565e-06,4.8751671e-05,8.5144718e-07,1.4297186e-06,1.1857411e-06,0.99992608
20180109-105034-2.jpg,8,8,0.00020520042,0.00018334028,0.0015911174,0.00087007557,0.00059041158,7.338783e-05,7.0856743e-05,0.0024947072,0.9939209
20180109-104716-2.jpg,8,8,0.00027084997,0.00024468263,0.00028830423,0.0048605737,0.00063451029,0.00012696856,0.00013875397,0.0034293091,0.99000605
20171025-092819-3.jpg,7,7,0.012200429,6.7416851e-05,0.00019159292,0.00095928353,3.8770172e-05,5.7957142e-05,7.9711248e-05,0.98547525,0.00092959104
20170920-162949-3.jpg,2,2,1.4495108e-06,2.1853616e-06,0.99995253,8.0466235e-06,1.8076111e-05,2.8868916e-06,1.8345075e-06,1.5491856e-06,1.1438921e-05
20170811-134147-2.jpg,0,0,0.92329004,0.0026476025,0.00014709791,1.6572321e-05,6.2208098e-05,0.00058249207,2.7865211e-05,0.012289482,0.060936635
20170811-113635-1.jpg,0,0,0.99931971,6.6959094e-05,2.4849057e-05,9.5871055e-07,4.9104443e-05,0.00026436949,1.2152584e-05,8.089851e-05,0.00018100286
20170906-111807-4.jpg,3,3,0.031253969,0.00092733463,0.0014400169,0.9178126,0.0050289417,0.00055751261,0.0001314054,0.0045204904,0.038327729
20171109-091016-2.jpg,5,5,0.0011880214,0.00064890832,0.00019511469,4.2325698e-05,0.00019707497,0.99406675,0.0029027702,0.00061225263,0.00014677975
20171218-114742-2.jpg,8,8,0.00059012331,4.508389e-05,3.1802003e-05,0.00024380749,4.9056615e-06,2.0173893e-05,2.9235444e-05,0.00070453073,0.99833034
20180322-113635-1.jpg,8,8,7.1007235e-06,7.4836172e-05,3.6004505e-06,1.8484886e-06,4.6781565e-06,0.00029466626,3.7736073e-06,1.7808646e-05,0.99959169
20180109-075210-1.jpg,8,8,6.1992699e-05,2.095978e-05,1.938608e-05,1.9324057e-05,2.1967845e-05,1.3277116e-05,0.00077600518,0.00030173748,0.99876535
20171203-172239-3.jpg,8,8,2.9576021e-05,0.00073575023,1.701041e-05,2.0919608e-05,6.5617155e-06,3.1441771e-05,2.2321792e-05,0.00054626232,0.99859016
20180109-075949-1.jpg,8,8,4.385196e-06,7.9567516e-06,3.5219287e-06,2.4943081e-06,1.0415304e-05,3.8327636e-06,0.00022433336,4.1936204e-05,0.99970112
20180109-075506-1.jpg,8,8,2.6431254e-06,1.5878469e-05,4.9622194e-06,2.5512584e-06,5.2755623e-06,4.5658537e-06,0.0001139576,0.0001094853,0.99974068
20180322-105054-1.jpg,8,8,6.1162216e-05,0.00053338466,9.8049819e-06,5.5356517e-05,6.6369096e-05,5.8670495e-05,7.8809e-06,0.00020192381,0.99900545
20180109-075045-2.jpg,8,8,0.0014171065,0.00054149858,0.00095871111,0.0001327375,0.00040511743,8.2367403e-05,0.012388451,0.0077887232,0.97628529
20180105-100405-2.jpg,8,8,2.5942275e-05,1.5957312e-05,3.8963773e-05,7.7231594e-06,5.8151594e-05,2.303373e-05,0.0016995812,0.00056374372,0.9975669
20170913-124610-1.jpg,5,5,0.00064134904,0.00034635975,0.0001708624,0.013953133,0.00011594709,0.98366093,4.1181474e-05,0.00088736763,0.00018286655
20171113-140619-2.jpg,6,6,7.1328882e-06,1.2823938e-05,2.4730976e-06,1.4722078e-05,2.6747611e-06,5.3246995e-06,0.99982023,0.00012423606,1.0383015e-05
20180125-093634-2.jpg,8,8,6.1237999e-07,7.4016066e-05,5.2806836e-07,6.388351e-07,1.5297732e-06,6.5168968e-06,4.3715242e-06,1.1664065e-05,0.99990012
20170217-095541-0.jpg,7,7,0.00030669797,1.1406388e-05,4.8454098e-05,2.1445789e-06,1.323656e-06,2.651796e-05,1.7933584e-05,0.99957854,6.9825235e-06
20171218-105311-2.jpg,8,8,1.0286373e-05,5.6383495e-05,2.6673511e-06,1.9118189e-06,1.7797246e-06,0.00023597904,2.1986976e-05,1.2589713e-05,0.99965642
20171122-100206-1.jpg,5,5,0.001750296,0.00070344647,0.00026224714,0.00043829392,0.00015221813,0.97718969,0.0013858471,0.0038929275,0.01422503
20171212-100447-1.jpg,8,8,1.9538764e-05,3.8667239e-05,1.1019704e-06,8.6823611e-06,3.5561368e-06,0.0012801848,1.7263658e-05,1.4281617e-05,0.99861672
20180119-113326-1.jpg,8,8,2.903191e-05,0.0012263861,1.3282507e-05,6.4008867e-05,5.361986e-05,8.7026081e-06,0.00016776815,5.3845811e-05,0.99838335
20171122-104333-1.jpg,5,5,0.00023733877,3.7017301e-05,4.2885926e-05,2.4984956e-05,4.3562301e-05,0.99940557,9.6391674e-05,8.527663e-05,2.6972795e-05
20170920-100439-2.jpg,2,2,5.2034462e-06,1.2107293e-05,0.99969643,3.0514145e-05,0.0001472563,7.6644935e-06,1.7191705e-05,3.9740415e-06,7.9656662e-05
20171220-100344-2.jpg,8,8,6.4966229e-05,9.5285444e-06,6.6014944e-07,1.4342455e-05,1.3912825e-06,0.00021023373,1.9866943e-05,2.4806354e-05,0.9996542
20171113-115829-1.jpg,6,6,2.9662373e-06,2.2451157e-05,7.8203707e-07,1.204423e-06,1.2479919e-06,1.746482e-06,0.99990666,4.3401898e-05,1.9544569e-05
20171220-095326-1.jpg,8,8,2.8858993e-05,6.3776164e-05,6.3766351e-06,1.653424e-05,1.5015811e-05,0.00073189214,9.7971045e-05,5.875349e-05,0.99898082
20171109-093602-2.jpg,5,5,0.00074606606,0.0015658557,3.9696119e-05,3.5021843e-05,6.0109085e-05,0.98638701,0.00021636352,0.00027909787,0.010670778
20170304-132701-0.jpg,7,7,0.0013020464,0.0012467372,5.2099765e-05,2.3271043e-05,9.9053758e-06,2.6264427e-05,0.00020842179,0.99640897,0.00072228515
20180112-092446-1.jpg,8,8,3.9166403e-05,7.2389037e-05,0.00044447644,5.7154334e-05,0.00037686043,0.00014200324,0.00011929453,0.00015994313,0.99858871
20180322-102626-2.jpg,8,8,1.2745161e-06,2.7307414e-05,7.4947405e-07,3.2812884e-06,5.2189978e-06,2.2897452e-06,1.9876293e-06,8.0340798e-06,0.99994986
20180119-110700-1.jpg,8,8,1.2395902e-05,0.00025082019,1.3372734e-06,1.7047646e-06,7.6548317e-06,2.6206e-06,0.00011963689,2.7806705e-05,0.99957602
20171102-093604-3.jpg,4,4,3.1120018e-05,4.0938183e-05,0.0019555002,0.00016828669,0.98797059,1.7163729e-05,1.3494608e-05,8.7154029e-06,0.0097941896
20170920-181827-1.jpg,2,2,1.8102859e-05,2.6954773e-05,0.99386726,9.2614278e-05,0.0046076428,2.0336095e-05,1.0335033e-05,2.2154021e-05,0.0013345999
20180109-101102-2.jpg,8,8,1.6581897e-05,0.00015899617,1.4439231e-06,3.6431276e-05,1.835798e-05,3.287341e-05,0.0034541182,3.0292222e-05,0.9962509
20171109-072625-1.jpg,5,5,0.00057747806,0.00011032908,0.00010284402,1.2362358e-05,3.9214374e-05,0.99872578,0.0001360268,0.00017350652,0.000122456
20180109-070905-2.jpg,8,8,0.00048581955,0.2647952,0.00020516883,0.00069912115,0.0012469959,5.3287479e-05,0.0022589358,0.001666924,0.72858854
20171220-090301-3.jpg,8,8,0.00091174094,3.3096336e-05,1.6465102e-06,0.00015905251,3.3091805e-07,9.2631991e-06,4.6305902e-06,0.00073466865,0.99814557
20170729-153648-3.jpg,4,4,2.458195e-06,4.1190571e-06,2.7131311e-06,2.9218543e-06,0.99978345,7.4244473e-07,1.9951155e-06,8.6358351e-07,0.00020073998
20171109-091647-1.jpg,5,5,0.00013631704,4.4961997e-05,7.9676745e-05,1.0445633e-05,2.9705733e-05,0.99938021,0.00010718553,0.00012316348,8.8337308e-05
20171218-111251-2.jpg,8,8,6.6104535e-05,4.4262567e-05,0.0015335601,2.0851832e-05,2.6483324e-05,4.5650601e-05,1.1217617e-05,0.00032749255,0.99792438
20171219-114543-2.jpg,8,8,0.00026202824,4.0025804e-05,0.00031917711,0.0003954937,1.6357132e-05,1.364745e-05,0.00056730744,0.00098454718,0.99740142
20171220-095345-1.jpg,8,8,1.7437389e-05,1.9083293e-05,2.2275704e-06,2.0096277e-05,5.9480247e-06,0.00013601513,2.6992448e-05,3.6467451e-05,0.99973573
20171212-094824-1.jpg,8,8,5.7766363e-06,1.7598357e-05,2.986236e-07,6.6767913e-07,2.7049633e-07,6.5582239e-06,7.9936296e-07,4.4048406e-06,0.99996363
20180109-095302-1.jpg,8,8,3.4173115e-05,2.3341597e-05,6.7524212e-06,2.8939914e-05,2.2467763e-05,9.3638443e-06,3.4011388e-05,9.2471515e-05,0.99974848
20170906-135455-1.jpg,3,3,0.0040489619,0.00047233043,0.00029800424,0.98779769,0.0031860944,0.00015216049,3.7288873e-05,0.00066683152,0.0033406407
20171122-104018-1.jpg,5,5,0.00041206542,3.6213514e-05,0.00016037997,2.6315489e-05,7.9099893e-05,0.99872266,0.00027375245,0.00023908219,5.0429173e-05
20170217-122236-0.jpg,0,0,0.99632291,6.165275e-06,0.00017943959,2.1334464e-06,6.4737762e-05,0.00011066953,1.1871074e-05,6.8131019e-05,0.003233942
20171212-095826-3.jpg,8,8,7.5259319e-06,7.658629e-06,4.7880268e-07,2.5527826e-06,7.1974463e-07,3.5997189e-05,8.4494247e-06,1.2828702e-05,0.99992379
20171102-093237-3.jpg,4,4,0.0028971309,0.00080718604,0.00028897018,9.7449162e-05,0.96432723,4.0330632e-05,6.3089588e-05,5.4185545e-05,0.031424428
20180109-101214-1.jpg,8,8,0.00025268262,0.00023594831,3.2203291e-05,0.001121314,0.00015660785,0.00010847746,0.00060376453,0.0014966487,0.99599235
20170714-110351-3.jpg,1,1,0.1665218,0.81306481,0.00095763585,0.00010260799,0.0010527808,0.00085702815,0.0017253231,0.0023447621,0.013373251
20180105-095825-2.jpg,8,8,2.0949652e-05,1.6690636e-05,3.7124704e-05,6.8201175e-06,9.8453681e-05,1.9233203e-05,0.0010250643,0.00012840483,0.99864726
20170906-112915-4.jpg,3,3,0.015172783,0.00049296551,0.001123431,0.97516409,0.0019273704,0.0029745201,0.00012631931,0.00090228767,0.0021162305
20180109-070652-2.jpg,8,8,1.0594659e-05,5.9180657e-05,5.4002963e-05,6.9656422e-06,3.855988e-05,1.1319484e-05,0.00025267583,0.00021879756,0.9993479
20170811-111230-2.jpg,0,0,0.99988334,4.7352836e-06,4.5691431e-06,4.2128904e-07,2.5439331e-06,6.943153e-06,4.084058e-06,8.9068439e-05,4.2927017e-06
20170210-131737-0.jpg,7,7,0.00033135652,9.0150623e-06,3.5373401e-05,3.5970874e-06,1.6142582e-06,4.2851219e-05,2.1243961e-05,0.999551,3.9467656e-06
20180112-072445-1.jpg,8,8,8.6437978e-06,0.00010091955,1.9890869e-06,6.3170544e-06,8.2954705e-06,9.3690392e-06,0.00014264585,0.000143363,0.99957846
20170630-155323-0.jpg,7,7,0.00098395119,0.00036321381,3.7357845e-05,4.4487835e-06,4.2603858e-06,5.0334495e-05,9.8867524e-05,0.99844165,1.5918846e-05
20180105-094800-2.jpg,8,8,1.771072e-05,8.1738433e-06,2.0152644e-05,1.3083905e-05,2.7172049e-05,1.0656919e-05,0.00081431333,0.00018664924,0.99890209
20180125-134736-2.jpg,8,8,6.7451138e-05,0.00015985772,3.1459489e-06,9.9829641e-07,6.5133436e-05,1.8005964e-05,3.6387468e-06,4.2008544e-05,0.99963976
20171212-105549-3.jpg,8,8,5.2995219e-05,0.00042821396,0.00013016071,8.0596903e-05,3.0169774e-05,1.5926407e-05,3.4314545e-05,0.00036435984,0.99886326
20180112-092342-1.jpg,8,8,1.635737e-05,2.6821089e-05,3.1223407e-06,3.074355e-06,3.5438419e-06,1.3946525e-05,2.1888715e-05,7.3652747e-05,0.99983759
20180112-092133-2.jpg,8,8,0.0021768566,4.5856478e-05,0.00019541118,2.0101153e-05,5.151608e-05,9.6157879e-05,2.7752913e-05,0.00047560821,0.99691074
20170610-122533-0.jpg,1,1,6.2283976e-05,0.99976129,5.4740807e-06,6.5232227e-07,1.0538773e-05,2.5676098e-06,1.1604403e-05,0.00010857466,3.7011582e-05
20170405-155807-0.jpg,0,0,0.99150701,0.00011880812,1.8425312e-05,9.2112495e-07,8.4446071e-06,1.1261945e-05,9.7478679e-06,0.00826671,5.8668163e-05
20180109-092440-2.jpg,8,8,1.5080323e-05,4.2662531e-06,8.6051552e-06,7.4955289e-06,4.2918365e-05,3.4681368e-05,8.7536603e-06,1.2003677e-05,0.9998662
20170920-111803-2.jpg,2,2,9.932407e-07,2.406966e-06,0.99986019,1.5923513e-06,1.2579206e-05,4.0180584e-06,2.0783484e-06,2.6678361e-06,0.000113472
20171219-100707-2.jpg,8,8,3.0366597e-06,8.2938436e-05,8.0628283e-07,4.3077371e-06,6.3559934e-06,6.0677405e-07,7.1641989e-07,2.5297118e-05,0.99987593
20180119-110549-2.jpg,8,8,2.6608431e-05,0.0034793362,1.3979638e-06,3.9978971e-05,6.177517e-07,0.00013268036,4.5594473e-05,5.1073309e-05,0.99622271
20170217-110700-0.jpg,0,0,0.99583955,0.00014080493,0.00015501422,1.4092564e-05,6.537897e-06,0.00036831089,6.2313935e-06,0.0030706273,0.0003988284
20180125-094216-2.jpg,8,8,0.00015937519,0.00010406839,0.00012202202,1.8505045e-05,0.00022356722,5.0869672e-05,0.00055006046,0.0020364814,0.99673505
20171102-115858-3.jpg,2,2,3.7507e-06,1.9022494e-06,0.99989746,2.3981516e-06,6.2704898e-05,4.471136e-06,9.4756219e-07,1.1718873e-06,2.5195247e-05
20180109-090722-2.jpg,8,8,0.00051823813,0.00033367252,2.4842845e-05,0.001300732,6.6860001e-05,0.00017235929,7.366322e-05,0.0023840582,0.99512557
20170920-184922-1.jpg,2,2,1.063602e-06,2.2561996e-06,0.99991034,2.8880136e-06,5.2524727e-05,5.3232581e-06,3.708212e-06,1.6489197e-06,2.0249105e-05
20180112-080947-2.jpg,8,8,0.00012712175,0.00041492983,0.00024535617,0.0009232739,0.00010583364,0.00010446168,8.7205119e-05,0.00344397,0.99454785
20170304-132524-0.jpg,7,7,0.0040304236,0.09035709,0.0008674083,9.5330888e-05,0.00025408064,0.00030939969,0.0002341462,0.89132039,0.012531734
20170522-123416-0.jpg,1,1,2.2256133e-05,0.99976209,1.8731749e-06,2.0272756e-06,8.5261148e-06,2.5264676e-06,8.1606641e-06,3.0203e-05,0.00016233995
20170920-190943-1.jpg,2,2,2.9941466e-05,6.0291746e-05,0.99848782,1.4764894e-05,0.00011973208,3.0486394e-05,1.7726661e-05,0.00010673818,0.0011325009
20171113-122631-0.jpg,6,6,1.2815406e-05,0.00020716439,4.461143e-06,5.7848704e-06,2.2514296e-06,2.09528e-06,0.99964387,9.6225484e-05,2.5332621e-05
20170217-143741-0.jpg,7,7,0.00011247046,5.2123858e-06,8.9198795e-06,4.4691439e-07,2.1471183e-07,2.6298002e-06,4.3932644e-06,0.99986294,2.7707143e-06
20171220-082412-2.jpg,8,8,7.3661123e-06,3.5651331e-06,1.0322689e-06,2.7611874e-06,3.4409336e-06,1.9881237e-05,3.4572601e-06,2.221879e-05,0.99993628
20170729-091954-1.jpg,8,4,0.00016514404,0.0003854677,1.916014e-05,0.003297354,0.99363817,8.2243565e-05,1.0443633e-05,9.0737916e-05,0.0023112767
20170217-113132-0.jpg,7,7,0.00049095358,3.8421737e-06,2.9635866e-05,2.0217092e-06,1.2833608e-06,2.7610588e-05,1.5551949e-05,0.99942543,3.6746571e-06
20170920-121321-2.jpg,2,2,0.00014434579,4.8815854e-05,0.98267406,0.0010353201,0.0028093533,1.2819956e-05,6.7865533e-05,8.409372e-05,0.013123321
20180109-072801-2.jpg,8,8,0.00020839755,0.00016751563,0.0001405223,0.0010687531,0.00030842525,3.237602e-05,0.00065743545,0.00051442905,0.99690215
20170920-162806-3.jpg,2,2,6.0981246e-05,1.5467449e-05,0.99682543,0.00014183054,0.0015496206,1.0690507e-05,4.6712569e-05,6.5914156e-05,0.0012833495
20171113-115634-1.jpg,6,6,2.9667296e-05,0.0010654408,4.9291833e-06,2.3627203e-06,3.1337242e-06,6.1297558e-06,0.99870354,0.00017807367,6.7240125e-06
20180119-114649-1.jpg,8,8,4.1979596e-06,1.63979e-05,2.3593772e-06,7.7984333e-07,1.6522949e-05,3.3986912e-06,3.5035467e-05,1.4935363e-05,0.99990637
20171219-105644-2.jpg,8,8,9.5175996e-05,0.0080878195,0.00042981205,0.00030827496,0.0014137862,4.7088555e-05,2.8084735e-05,0.00014041651,0.98944954
20170727-113159-1.jpg,4,4,8.1734345e-05,4.626714e-05,0.00023742512,4.4905722e-05,0.99859082,0.00021466711,9.8440414e-05,3.1446892e-05,0.00065429493
20180125-100238-1.jpg,8,8,6.5341633e-07,2.5389644e-05,7.0401439e-07,4.1811599e-07,3.0710325e-06,1.4785002e-05,1.4722016e-05,5.86663e-06,0.99993439
20171109-194013-1.jpg,5,5,0.0002985434,1.3958858e-05,1.4290771e-05,6.0379553e-06,9.0773549e-06,0.99939378,1.2835364e-05,3.1189242e-05,0.00022029171
20170217-103631-0.jpg,0,0,0.99879588,2.100013e-05,5.6546695e-05,2.3486266e-05,5.0299825e-06,6.7193801e-05,1.1770818e-05,0.0007071536,0.00031194303
20170920-180305-1.jpg,2,2,1.1130697e-05,3.3344938e-05,0.99805522,3.0998275e-05,0.00084422874,3.2778659e-05,3.0876911e-05,2.9826912e-05,0.00093159418
20180125-093129-2.jpg,8,8,1.2440839e-06,9.2665218e-05,1.8201843e-06,3.5048932e-07,3.0631224e-06,2.2235316e-05,1.874275e-05,2.2405905e-05,0.99983747
20171102-122743-3.jpg,2,2,0.0013560252,0.0038903291,0.93193125,0.0018004414,0.0013456217,0.00037710112,0.00018522881,0.00082748247,0.058286518
20171220-084923-3.jpg,8,8,4.7031039e-06,2.5934493e-05,6.6087062e-07,4.182999e-06,1.9108439e-06,6.4143893e-05,4.3242873e-06,7.4414511e-06,0.9998867
20170129-102127-0.jpg,8,8,3.9862123e-05,0.00048236988,1.1951682e-05,0.00012048812,3.7213268e-05,0.00014110256,1.4470285e-05,4.0360157e-05,0.99911218
20170811-113755-1.jpg,0,0,0.98947935,1.8963817e-05,1.8649092e-05,9.8915703e-07,6.3131959e-05,6.2810846e-05,1.8712077e-05,0.00010859658,0.010228793
20170501-142705-0.jpg,1,1,3.007945e-05,0.98898504,2.903378e-06,7.4104238e-07,6.5175372e-06,1.8072113e-05,3.0584276e-06,1.485905e-05,0.010938732
20171218-120904-2.jpg,8,8,4.0871142e-06,1.0168542e-05,2.199831e-06,4.4645871e-06,3.6788228e-06,0.0001269846,1.9478326e-05,9.5683838e-06,0.99981937
20171218-121056-2.jpg,8,8,1.3419231e-05,1.0523452e-05,4.055816e-06,8.4743787e-06,8.4355328e-06,9.7974145e-05,4.5550114e-05,2.8860391e-05,0.99978271
20171102-094317-2.jpg,4,4,0.00022757042,8.0874956e-05,0.012255502,0.00011952833,0.92477211,1.6078683e-05,2.3275224e-05,4.6223806e-05,0.062458838
20180125-095951-1.jpg,8,8,3.9946121e-06,1.6968555e-05,1.5742345e-06,1.2985795e-06,2.7223718e-06,6.8406457e-06,7.243541e-05,1.5816447e-05,0.99987835
20171109-070638-1.jpg,5,5,0.00022821625,8.1961608e-05,0.00013074387,3.8146057e-05,0.0001091689,0.99873687,0.00012308902,0.00020629742,0.00034550382
20170715-121327-1.jpg,1,1,2.4210863e-05,0.99991682,3.0843182e-06,2.126774e-06,7.1122567e-06,1.930726e-06,1.563338e-05,2.3639466e-05,5.4390691e-06
20171220-082648-2.jpg,8,8,4.5289955e-06,7.0951101e-06,7.7220987e-07,2.3017608e-06,1.8959253e-06,8.0589849e-05,2.3061814e-06,1.5008637e-05,0.9998855
20170127-102812-0.jpg,1,1,7.8942614e-06,0.99972018,2.1695638e-06,1.5642979e-06,1.9339019e-06,2.7288935e-06,2.7081602e-06,4.6336549e-05,0.00021448472
20171212-095739-1.jpg,8,8,4.3417875e-06,3.8280472e-05,2.999752e-07,2.0539213e-06,5.4117171e-07,6.5089008e-05,2.6913995e-06,3.6431784e-06,0.99988306
20171102-120816-1.jpg,2,2,1.2184542e-06,5.7388984e-07,0.99996973,3.1121209e-07,1.7725577e-05,3.0162721e-06,5.0896572e-07,8.6283783e-07,6.0483265e-06
20171220-085324-3.jpg,8,8,6.3117489e-06,1.501074e-05,6.1214517e-06,6.457613e-06,1.6349092e-05,7.2676632e-05,0.00024747802,2.0903604e-05,0.99960869
20171219-105245-2.jpg,8,8,7.6005704e-06,0.00096546611,3.4102249e-06,0.00011867298,1.9531157e-06,2.8620932e-06,2.1283329e-06,1.0846241e-05,0.99888706
20171025-093853-2.jpg,3,3,0.0029102027,0.00028452765,0.0013379536,0.97752233,0.00085727171,0.0014630175,6.6351284e-05,0.0012159661,0.014342384
20170129-102040-0.jpg,8,8,1.6970599e-06,5.7210473e-05,6.3530264e-07,1.367952e-06,4.820053e-06,4.7053231e-06,2.4325238e-06,1.4779874e-06,0.99992565
20180125-093659-2.jpg,8,8,5.9555872e-07,3.2849268e-05,8.1987484e-07,5.9855979e-07,1.7585353e-06,3.3350313e-06,3.0807771e-06,8.3192638e-06,0.99994864
20171205-144400-2.jpg,8,8,1.3484821e-05,0.0002229133,2.8723924e-07,1.1088611e-05,8.1213158e-07,0.00030082748,1.4617243e-05,4.6457136e-06,0.99943132
20180109-090702-2.jpg,8,8,9.8837945e-05,0.000156791,1.4381915e-05,0.00040796631,2.8473903e-05,0.00015598053,6.3074796e-05,0.00091463997,0.99815985
20180119-113441-1.jpg,8,8,3.3384438e-05,0.0023109033,4.7707164e-06,6.8476969e-06,6.318719e-06,0.0001024622,7.2164298e-05,0.00015050684,0.99731264
20170811-124924-2.jpg,0,0,0.99954066,2.3822223e-05,1.6144544e-05,1.9785584e-06,7.4468037e-06,4.1671227e-05,5.4036971e-06,8.0965897e-05,0.00028190726
20170718-102441-2.jpg,7,7,0.00040172611,0.00012287951,1.4890318e-05,0.00012467165,1.4396364e-05,4.3225955e-06,6.2746577e-06,0.99904893,0.00026190737
20170811-100812-2.jpg,0,0,0.999164,0.0002598568,2.3246684e-05,1.5317281e-06,1.8733807e-05,3.7411289e-05,7.3770859e-06,0.00042390056,6.3940478e-05
20180322-115511-1.jpg,8,8,5.6842892e-05,7.7215141e-05,2.2094355e-05,2.232499e-06,5.2314013e-06,0.00023629406,4.2511768e-06,9.2429742e-05,0.99950341
20170728-122514-3.jpg,4,4,5.8250707e-05,2.5806812e-05,8.5344722e-05,3.9172741e-05,0.99915935,4.3550571e-06,6.1858003e-06,6.9064229e-06,0.00061463037
20170729-090812-1.jpg,4,4,0.00021370191,7.3231837e-05,0.00053101639,0.00059828943,0.9907626,1.3357235e-05,2.2522683e-05,0.00012566996,0.0076596139
20171113-122340-1.jpg,6,6,2.7264589e-06,1.2632441e-05,1.2444072e-06,3.1391123e-06,2.1588741e-06,1.1098367e-06,0.99993737,1.5267134e-05,2.4349501e-05
20171113-131746-2.jpg,6,6,2.0319544e-05,0.00012506145,5.2816556e-06,1.0647129e-05,5.318506e-06,5.9889489e-06,0.99920767,0.00054773696,7.1974094e-05
20170729-085707-2.jpg,4,4,2.4575581e-05,2.4192994e-05,1.9950973e-05,5.9229722e-05,0.99826503,1.3782514e-06,1.2400654e-05,2.5178906e-05,0.0015680626
20180105-092727-2.jpg,8,8,0.00014416189,0.0049227883,7.4186463e-06,3.5016582e-05,3.7100434e-05,0.00026606589,0.0072258563,0.0035654758,0.98379612
20170913-105631-1.jpg,3,3,0.00018953566,0.0002649079,0.00016523412,0.95085402,0.043434714,0.0032844909,3.9145787e-05,4.0634128e-05,0.0017273172
20180119-105242-2.jpg,8,8,0.00012830601,0.0079674667,9.5988285e-05,9.1499416e-06,0.0037138422,9.0231571e-06,7.2527822e-05,4.1230064e-05,0.98796247
20170127-101304-0.jpg,1,8,0.0001890608,0.38595867,2.3377475e-06,2.2007477e-05,1.0473036e-05,5.0960094e-05,2.1199775e-05,9.3391244e-05,0.6136519
20171109-072414-3.jpg,5,5,0.00059508666,4.8004038e-05,0.00011996451,0.00016627578,6.2803886e-05,0.99803439,0.00010209195,0.00037452044,0.00049686652
20170210-133424-0.jpg,0,0,0.99984017,1.7664117e-05,3.5827938e-05,4.487082e-07,3.0795229e-06,1.2208855e-05,1.3543406e-06,7.9890448e-05,9.3530776e-06
20170811-125323-1.jpg,0,0,0.97066154,0.0038521653,0.00018133065,6.235916e-05,0.00018411335,0.00012882755,7.249662e-06,0.024109989,0.00081242519
20171102-120417-1.jpg,2,2,8.4343402e-06,1.0532381e-05,0.99986497,4.4713497e-06,5.9355371e-05,1.8957419e-05,1.4790494e-06,6.5881019e-06,2.5209151e-05
20170714-145855-1.jpg,1,1,1.4998686e-05,0.99994469,1.415931e-06,1.1946479e-06,3.6408659e-06,7.516305e-07,4.0900492e-06,2.1391312e-05,7.822297e-06
20180112-073915-1.jpg,8,1,0.0009929558,0.55631835,0.00032441225,0.00019612567,0.0004897054,7.1797289e-05,0.0017312793,0.17822007,0.2616553
20170913-102810-2.jpg,3,3,2.0104063e-05,2.874242e-05,4.9745505e-07,0.9997513,2.4345675e-05,1.26882e-05,9.7206733e-07,6.0500151e-07,0.00016074931
20170217-111529-0.jpg,0,0,0.74101536,0.00096062446,0.0002886899,6.8625443e-05,5.6550378e-05,0.001181074,7.0769692e-05,0.25467603,0.0016822777
20170207-142223-0.jpg,7,7,0.011618259,0.00099794494,5.841278e-05,3.9972023e-05,2.1903346e-05,0.00039357075,3.1758934e-05,0.98677808,6.0095218e-05
20170727-143524-3.jpg,4,4,2.3891003e-06,4.5556739e-06,0.00012646143,4.360055e-06,0.99911447,4.5547402e-06,7.0587353e-06,1.5151661e-06,0.00073463426
20171121-081532-2.jpg,6,8,0.0053214194,0.009239,0.00060980388,0.0013109219,0.0011691601,0.00044813254,0.14159936,0.058661727,0.78164047
20180119-115536-1.jpg,8,8,8.621633e-05,0.0005056024,1.8831044e-05,4.474624e-05,2.7850444e-06,1.4949313e-05,0.00026754453,0.0032481754,0.99581115
20170128-103616-0.jpg,7,8,0.0019171684,0.33561902,2.1948714e-05,0.0073666867,0.00023548052,4.1159129e-05,2.4351585e-05,0.00054293926,0.65423125
20180125-130328-2.jpg,8,8,9.7890202e-06,2.2111754e-05,1.3847061e-06,1.4044734e-06,1.0354825e-05,7.4945261e-06,2.2605025e-05,9.6755016e-05,0.9998281
20180119-104834-2.jpg,8,8,2.9059374e-05,0.00011726097,1.0639009e-05,7.8673138e-07,2.1845934e-06,1.7024824e-05,1.2237855e-05,0.00021826656,0.99959254
20171113-142828-2.jpg,6,6,3.9888003e-06,2.6947121e-05,1.0844679e-06,2.8831434e-06,7.8406293e-07,2.2660325e-06,0.99993305,1.9324336e-05,9.6694244e-06
20171121-073846-1.jpg,6,6,1.2949406e-05,2.4795047e-05,9.0385026e-06,9.7727616e-06,2.1494198e-05,7.0544656e-06,0.99893525,0.00034897462,0.00063067447
20180109-072313-1.jpg,8,8,4.1682626e-05,0.00033968343,1.1025546e-05,3.0873698e-05,5.4339933e-05,0.0002001056,0.068644399,0.00061038521,0.9300675
20180125-135219-3.jpg,8,8,2.5967981e-06,6.7054227e-05,7.251018e-06,2.8106425e-06,2.7641221e-05,1.3590158e-06,1.6545141e-05,2.895049e-05,0.99984579
20170126-095541-0.jpg,1,1,1.6497621e-05,0.99980069,5.05072e-07,1.1486272e-06,2.7667847e-06,3.8165378e-06,2.8300504e-06,6.4381253e-06,0.00016530511
20171025-075728-1.jpg,3,3,0.00042204082,1.9745132e-05,1.335044e-05,0.998799,4.6418856e-05,7.0234663e-05,8.8429513e-06,0.00011779388,0.00050257044
20180125-093913-2.jpg,8,8,4.8028903e-05,6.2487634e-05,0.00022009821,1.832739e-05,0.043235919,2.5951454e-05,0.00018230028,0.00015831751,0.95604857
20170718-101731-2.jpg,0,0,0.51712312,0.025850978,0.00010801876,0.0075887162,0.0001799619,0.00011759548,6.4954895e-05,0.39795655,0.051010106
20170727-144707-1.jpg,4,4,0.00054634174,0.00012648998,0.00010376974,2.428713e-05,0.99200458,0.0027453462,6.0044509e-05,3.8274931e-05,0.0043508659
20171218-115905-3.jpg,8,8,6.3610093e-05,6.7861756e-05,1.742757e-05,7.2709339e-05,6.0169882e-06,0.00073240368,8.4215757e-05,1.6552346e-05,0.9989392
20170728-123035-2.jpg,4,4,4.6805525e-06,3.5397568e-06,2.4886799e-06,4.2724668e-06,0.99951014,5.9338537e-07,3.7131251e-06,4.5903707e-06,0.00046598064
20170217-113444-0.jpg,7,7,0.00023570436,1.1478424e-05,3.7527472e-05,1.8899795e-06,1.9026838e-06,2.3862559e-05,4.6331229e-05,0.99963615,5.1545454e-06
20170718-100100-2.jpg,0,1,0.044656914,0.57913137,0.0024661854,0.00017744149,0.00035139074,0.00070201944,0.11907183,0.21449003,0.03895282
20171113-141550-2.jpg,6,6,1.3412542e-05,4.3203164e-05,6.5570445e-06,3.4463703e-06,2.5559946e-06,5.148612e-06,0.99978704,9.054781e-05,4.8087045e-05
20171219-111842-3.jpg,8,8,0.00022762175,0.00010517081,7.0670065e-05,5.4089744e-05,4.9662491e-05,2.3460779e-05,0.0024432159,0.0015114564,0.99551465
20171218-121154-2.jpg,8,8,4.6982108e-06,6.8977046e-06,2.0479193e-06,3.9610173e-06,3.4384566e-06,2.6903377e-05,1.4678162e-05,6.4505112e-06,0.99993092
20171113-101452-1.jpg,5,5,9.0638171e-05,5.913827e-05,1.8336683e-05,8.6620091e-05,2.2627473e-05,0.99813992,5.4906119e-05,2.3945069e-05,0.0015038639
20170610-120852-0.jpg,1,1,0.0007965501,0.94706486,2.3870059e-05,0.0096766895,0.00011012596,5.3392691e-05,2.1932075e-05,0.00064420939,0.041608369
20170718-094425-2.jpg,0,0,0.991659,0.00068540617,4.3759713e-05,0.0061036994,0.00014765559,0.00058233296,3.2328311e-06,0.00032484391,0.00045007276
20171219-114239-2.jpg,8,8,0.0003017157,0.00016501113,0.00030303315,0.00017809645,6.7877125e-05,2.9101873e-05,0.0002412949,0.00050820287,0.99820567
20180112-073133-2.jpg,8,8,0.00045408522,0.00095503617,0.0030858442,0.00035916556,0.0023381745,0.00088840193,0.00017566866,0.0016304546,0.99011317
20170727-170339-1.jpg,4,4,3.1664786e-05,1.7936986e-05,3.1689276e-06,6.3992039e-06,0.99658643,7.2513037e-07,3.4212475e-06,6.2155676e-06,0.0033440409
20170920-120020-2.jpg,2,2,9.0640731e-07,2.9470058e-06,0.99987086,3.7070832e-06,2.1730051e-05,6.0262874e-07,1.4625392e-06,1.3415785e-06,9.6437949e-05
20180109-074809-1.jpg,8,8,3.6063817e-06,2.417771e-05,3.6557833e-05,2.1650627e-05,5.7909664e-05,1.0802819e-05,0.0044769123,6.2930706e-05,0.99530545
20170811-163616-1.jpg,0,0,0.79082497,0.00032326264,3.4240373e-05,3.5225318e-06,5.1942817e-06,3.20538e-05,5.3919915e-05,0.20845868,0.0002641567
20171113-151802-1.jpg,6,6,1.6768178e-05,3.9213424e-05,2.8705265e-06,1.1488482e-05,6.6839182e-06,3.5984312e-06,0.99982367,6.7107195e-05,2.8597385e-05
20180109-091326-2.jpg,8,8,4.2500279e-05,0.00048203279,6.2681579e-06,0.00030306331,1.0356278e-05,0.0001123713,0.00010251882,0.0003292124,0.99861168
20171109-090410-3.jpg,5,5,8.3917011e-05,3.0654631e-05,2.3331558e-05,1.5453988e-05,1.7281026e-05,0.99958959,4.8968448e-05,2.8340098e-05,0.00016246342
20180112-080317-2.jpg,8,8,0.0021300284,0.00048105712,0.00066427204,0.14618904,0.00094959747,0.00029475935,0.00011038535,0.0014780646,0.84770279
20171220-101523-2.jpg,8,8,2.1037758e-05,0.0013538072,3.2668829e-06,4.5411501e-06,1.0614572e-05,0.00041784565,4.7250125e-05,1.1432009e-05,0.9981302
20180322-120838-2.jpg,8,8,1.257827e-06,1.57942e-05,1.9897848e-07,1.6152985e-06,7.4800437e-07,1.0990822e-06,1.2765398e-06,6.4065237e-06,0.9999716
20180112-081141-1.jpg,8,8,2.3272096e-05,6.4522775e-05,2.6552546e-05,6.1400211e-05,3.4613961e-05,5.2222288e-06,2.9295211e-05,0.00028405006,0.99947107
20170707-110228-0.jpg,7,7,0.038217936,0.000984564,0.00021626851,0.00072012798,0.00015969102,0.00018685704,2.1483271e-05,0.95835734,0.0011357313
20180105-094853-2.jpg,8,8,2.2605974e-06,4.2394912e-06,3.487246e-07,7.9256459e-07,1.0694537e-05,7.3574275e-07,3.6052855e-05,6.030962e-06,0.99993884
20171205-123919-2.jpg,8,8,1.9492456e-05,0.00051021566,4.444679e-06,4.460854e-06,6.6205754e-06,0.00036709533,4.5189431e-05,0.00014078089,0.9989017
20170811-103932-1.jpg,0,0,0.95406788,0.030100229,0.00011082428,8.7099925e-05,0.00015880178,0.00010315592,7.4968919e-05,0.011444809,0.0038522328
20170920-131038-2.jpg,2,4,0.00020588975,6.7596775e-05,0.0149009,0.00018259198,0.94011469,0.00069015436,0.0002829533,8.1735137e-05,0.043473486
20171025-095534-1.jpg,3,3,0.00040642261,1.6329927e-05,4.4516994e-05,0.99782072,0.00010131437,0.00064801153,1.9840694e-05,3.6477865e-05,0.0009063629
20171220-084312-2.jpg,8,8,8.8080739e-05,0.00010775801,1.6208586e-06,3.168056e-05,1.2956954e-06,4.8333154e-05,4.5389658e-06,0.00018952,0.99952717
20170207-154442-0.jpg,0,0,0.94651188,0.0059908034,0.00039002141,0.00029753104,0.00039353458,0.031754528,9.7092424e-05,0.013144675,0.0014199367
20171219-095309-3.jpg,8,8,0.00037890025,1.8677982e-05,1.9996751e-06,2.8950388e-06,5.1846137e-06,2.7044466e-05,2.2642946e-06,6.9702743e-05,0.99949333
20170714-170127-1.jpg,1,1,9.8204297e-06,0.99997381,1.0386497e-06,2.8282307e-07,4.301849e-06,2.9595187e-07,1.5673046e-06,7.5661712e-06,1.313047e-06
20171113-130826-2.jpg,6,6,1.1319719e-05,0.00020666981,4.2337187e-06,2.4638072e-06,5.1772498e-06,3.1981312e-05,0.99934279,0.00032752457,6.7837896e-05
20170727-151926-1.jpg,4,4,0.00016983137,8.2081648e-05,3.560192e-05,5.4462891e-05,0.98928683,7.5010818e-06,1.9150475e-05,4.6610434e-05,0.010297933
20171212-094500-3.jpg,8,8,6.8558564e-06,3.6093568e-06,3.2168209e-07,7.2517293e-07,6.8969839e-07,1.3723728e-05,2.9233531e-06,8.3341093e-06,0.99996282
20170217-114650-0.jpg,7,7,0.006960601,1.0142908e-05,0.00030227729,1.0696746e-05,1.1834866e-05,0.00093947598,2.2319021e-05,0.99169994,4.2709068e-05
20171219-113609-2.jpg,8,8,0.00053608558,0.00010122414,7.7183162e-05,3.535466e-05,0.00017844234,0.00016696534,0.00034526196,0.00035662188,0.99820286
20180112-101527-1.jpg,8,8,0.00027201589,0.00056375107,5.9509358e-05,4.4298035e-05,4.2648583e-05,5.6726628e-05,0.010126033,0.0078121392,0.98102288
20170217-143504-0.jpg,7,7,0.00020408285,5.6763819e-06,1.7833926e-05,9.7159152e-07,4.9355792e-07,1.2957001e-05,6.5818847e-05,0.99968849,3.675753e-06
20170729-091840-1.jpg,4,4,2.1409197e-05,1.6464128e-05,1.4930927e-05,2.2419663e-05,0.99784095,2.216523e-06,1.0936581e-05,3.9978806e-05,0.002030696
20180112-071750-1.jpg,8,8,3.0769907e-05,4.9538937e-05,2.5913412e-05,4.9743001e-05,8.7843951e-05,1.2477747e-05,0.00011412941,0.0003518356,0.99927775
20180322-110935-2.jpg,8,8,1.3770376e-06,1.017413e-05,1.1584961e-06,6.1331198e-07,7.8324514e-07,2.9675186e-06,2.6964434e-06,8.7367027e-06,0.99997149
20170130-102811-0.jpg,1,1,6.2349669e-06,0.99877001,1.8071995e-05,7.6642701e-07,6.1816266e-06,6.2643697e-06,1.1550937e-05,1.7889751e-05,0.0011630306
20180119-104741-1.jpg,8,8,0.00030565337,0.12884919,1.0125215e-05,0.00011079944,2.0709373e-05,0.00016491603,0.27013956,0.0040459762,0.59635307
20180119-113051-1.jpg,8,8,1.5618079e-05,0.00049549718,9.1147618e-07,1.658025e-06,1.9816147e-06,1.2248134e-05,1.5338659e-05,4.3026693e-05,0.99941372
20170207-142514-0.jpg,7,7,0.00011761573,5.8990876e-05,1.788904e-05,2.4533445e-06,7.3265415e-07,6.7804275e-06,8.6282349e-06,0.99977658,1.0331055e-05
20170920-112029-2.jpg,2,2,1.2012651e-05,3.3629154e-06,0.99969153,1.5579044e-05,4.5551633e-06,1.3830002e-05,6.5625829e-06,9.9578065e-05,0.00015298955
20171109-070737-3.jpg,5,5,0.00040893297,0.00013680963,0.00020596618,0.00017099805,0.00032435062,0.99604947,0.0002952112,0.00023117339,0.002177086
20180112-081631-1.jpg,8,8,5.5336377e-06,4.5584336e-05,1.622912e-06,1.335544e-05,3.6534407e-06,2.1374328e-05,3.0834905e-05,0.00013760559,0.99974044
20170728-151316-1.jpg,4,4,3.7636494e-05,5.7501815e-06,1.7653071e-05,2.7632342e-06,0.99793064,2.2923297e-06,2.5368979e-06,5.8524625e-06,0.001994874
20180119-114446-2.jpg,8,8,4.852601e-05,0.0060564739,2.1266681e-06,1.0941016e-05,8.5995253e-06,9.8739093e-05,1.1499325e-05,1.6026844e-05,0.99374707
20180112-081705-2.jpg,8,8,0.00093701618,0.00016522098,0.00017169206,0.0027186407,4.1546333e-05,0.00012199206,5.6727231e-05,0.0060771837,0.98970998
20170315-090051-0.jpg,8,8,0.001939707,0.0010149739,0.00023258343,0.00083735861,0.00068128258,0.00021147307,0.0001517248,0.0018515525,0.99307934
20180112-094236-1.jpg,8,8,5.1234184e-05,0.00016032811,4.3779389e-05,1.4307279e-05,0.0001038707,1.6926004e-05,0.0010020574,0.00068916755,0.99791833
20180125-095411-1.jpg,8,8,1.1756873e-06,1.3834551e-05,7.9966855e-07,1.2737781e-06,4.2684318e-06,9.3066857e-06,9.6176897e-05,1.4596321e-05,0.99985857
20171113-123737-1.jpg,6,6,3.4489344e-06,8.2515751e-06,1.4532133e-06,3.0891099e-06,2.2382651e-06,1.5032853e-06,0.99949935,4.3427223e-05,0.00043723643
20180109-091033-2.jpg,8,8,0.0027491771,0.014868024,2.9556079e-05,0.00051131081,1.611928e-05,0.00065014932,0.00062081016,0.11059836,0.8699565
20171212-094423-1.jpg,8,8,8.8605868e-06,8.142601e-06,4.2300704e-07,3.6002116e-05,5.5361962e-07,1.3651982e-05,1.6819203e-06,3.8124154e-06,0.99992687
20171113-121536-1.jpg,6,6,0.0074387412,0.081670153,0.00033294078,4.2141758e-05,0.00018543577,0.00026919667,0.89347446,0.016063295,0.00052363777
20170906-105827-4.jpg,3,3,0.0022132786,0.00022194705,0.00071841601,0.99144494,0.00051074803,0.00010922415,2.3005644e-05,0.00038150179,0.004376943
20170913-101102-3.jpg,5,5,0.00090891738,3.9034514e-05,0.00015473687,0.00040345931,0.00011323966,0.99762,1.6480476e-05,0.00062536345,0.00011876639
20180119-115102-2.jpg,8,8,5.9881945e-05,0.00062551227,8.6285945e-06,2.1865519e-06,4.6667317e-06,4.1650428e-05,1.1413143e-05,6.0303292e-06,0.99924003
20171113-133713-3.jpg,6,6,1.2738877e-05,1.8444265e-05,2.7448628e-06,4.6141609e-06,1.9170117e-06,3.8231695e-06,0.99967318,0.00018180054,0.00010074012
20170718-132653-2.jpg,7,7,0.00048915079,1.0323734e-05,1.4326615e-05,2.7504624e-05,2.2020337e-06,7.4600264e-06,9.1632676e-06,0.99939296,4.6904219e-05
20170920-160233-3.jpg,2,2,0.00015781181,9.5818206e-05,0.99418962,0.0012291868,0.0029618508,7.1859524e-05,4.4249881e-05,4.5528989e-05,0.0012040761
20180112-093259-2.jpg,8,8,0.00054259533,2.6114377e-05,0.00030951152,5.4785374e-05,4.1081122e-05,0.00023765826,5.1693046e-05,0.0012034786,0.99753308
20170920-164116-3.jpg,2,2,1.6637286e-06,2.5893531e-06,0.999971,5.6505695e-06,7.0534804e-06,3.4532364e-06,5.8352617e-07,2.0413804e-06,5.9632411e-06
20180109-104742-1.jpg,8,8,3.526498e-05,6.0669898e-06,6.2882943e-06,3.1529367e-05,8.2710692e-05,4.7630083e-06,7.2708647e-06,3.1292463e-05,0.99979481
20171212-105828-3.jpg,8,8,0.00014401591,0.083783417,1.9062537e-05,1.124705e-05,2.4827181e-05,2.0779443e-05,0.0013261647,0.00075052103,0.91391996
20170404-154025-0.jpg,7,7,0.00059858983,2.198712e-05,9.1770062e-05,9.4646717e-06,4.6885914e-06,4.5852507e-05,5.94031e-05,0.99913394,3.4300015e-05
20171113-140544-2.jpg,6,6,1.2486754e-05,1.1917583e-05,4.6164254e-06,8.1418532e-06,3.1641482e-06,4.4370392e-06,0.99945718,0.00042390074,7.415891e-05
20171218-105735-2.jpg,8,8,2.0718225e-05,9.1645149e-05,1.795073e-06,1.3698925e-05,1.1237025e-06,3.0107887e-05,6.5489861e-06,3.6633406e-05,0.99979773
20171220-084438-3.jpg,8,8,8.4707567e-06,7.7676954e-06,5.9827259e-07,6.5832494e-06,5.3244764e-06,3.3952461e-05,1.5268631e-06,9.1043262e-06,0.99992667
20170729-091808-1.jpg,4,4,0.0010909058,0.00012969566,0.00046509169,0.0001144756,0.96795833,9.4545291e-05,9.6260569e-05,0.00022434181,0.029826349
20180105-093104-2.jpg,8,8,7.5368132e-05,0.00083744826,6.727734e-05,2.3343825e-05,0.00016296382,7.9040228e-05,0.063354375,0.0068628716,0.92853731
20171219-105848-2.jpg,8,8,5.3161109e-05,0.00076326356,3.0760891e-06,0.00021599711,6.0883703e-05,7.0794447e-06,9.1923615e-07,0.0001748666,0.99872075
20171102-123049-2.jpg,2,2,9.0675252e-06,1.2448519e-05,0.99981986,2.3719979e-05,5.5449087e-05,9.4189295e-06,3.8365018e-06,1.428117e-05,5.1922166e-05
20170127-101849-0.jpg,1,1,3.6918354e-06,0.99987888,5.8061857e-07,1.836572e-07,5.2372002e-07,1.3086264e-06,2.5693674e-05,1.0088739e-05,7.9045264e-05
20180109-071728-1.jpg,8,8,1.8770808e-05,5.4093063e-05,7.4414475e-06,2.2080092e-05,5.216643e-05,1.0987094e-05,0.0025356661,0.0005098099,0.99678899
20180125-091341-2.jpg,8,8,1.2843832e-05,1.6870551e-05,7.333059e-06,4.6046603e-06,0.00023280969,1.276485e-05,3.338143e-05,2.8148601e-05,0.99965124
20180322-114634-1.jpg,8,8,1.9507179e-06,2.1161564e-05,2.6444273e-06,1.2023925e-06,3.7780199e-06,1.2624372e-05,1.9734553e-06,2.0479647e-05,0.99993419
20171220-084214-2.jpg,8,8,2.9323372e-05,7.4799027e-05,4.9684487e-07,1.1090063e-05,1.4732772e-06,0.00013039558,6.2476233e-06,1.4579533e-05,0.99973159
20180109-102956-2.jpg,8,8,0.00034893636,0.00043873144,0.00022672739,0.00028348177,0.00082982414,6.1465516e-05,5.5675523e-05,0.0017604163,0.99599474
20180105-093818-2.jpg,8,8,1.3828833e-05,1.4423028e-05,1.4273523e-05,4.4474272e-06,4.8312245e-05,1.6602593e-05,0.00036700127,0.00012250077,0.99939861
20170715-133401-1.jpg,1,1,2.9464863e-05,0.99992147,3.2620264e-06,1.1986277e-06,6.6742707e-06,1.3139182e-06,1.0621274e-05,1.7232325e-05,8.7620635e-06
20170920-111136-3.jpg,2,2,1.0614191e-05,2.5004565e-05,0.99964781,2.4280929e-05,9.1498215e-05,2.8432528e-05,1.8159941e-05,1.1641661e-05,0.00014255717
20171109-094052-3.jpg,5,5,0.00074515754,5.367622e-05,0.00042565322,2.1608651e-05,0.00015600563,0.99816252,0.0001924932,0.0002119192,3.0970505e-05
20170522-093417-0.jpg,1,1,0.00045155662,0.99548434,2.9646227e-06,3.8551263e-05,1.6035927e-05,7.9781991e-06,1.1880621e-05,0.0039469758,3.9720559e-05
20170714-143358-3.jpg,1,1,1.2691303e-05,0.99991699,2.8597342e-06,1.9253702e-06,1.602303e-05,5.1222571e-07,1.0466741e-05,3.0095937e-05,8.434509e-06
20171219-095742-2.jpg,8,8,1.1025644e-05,4.7941351e-05,3.6907693e-07,3.2699733e-06,2.3326819e-07,8.1623116e-06,1.1988363e-05,5.8122461e-06,0.9999112
20170727-150354-3.jpg,4,4,1.3303163e-05,1.3700344e-05,4.2572662e-06,4.2947003e-06,0.9979555,1.099204e-06,3.1913511e-06,1.1545103e-06,0.0020035017
20180112-080645-2.jpg,8,8,0.0012052125,6.7349215e-05,9.3369988e-05,0.00018422682,2.271033e-05,1.7151945e-05,1.5554649e-05,0.00034171212,0.99805271
20170714-150144-1.jpg,1,1,1.747463e-05,0.99986412,3.5794924e-06,1.0802977e-06,9.4017338e-06,7.5323288e-07,2.1433169e-05,3.3309291e-05,4.8847034e-05
20171102-104723-1.jpg,2,2,1.0339096e-06,1.4415795e-06,0.99988329,1.4974781e-06,0.00010047323,1.4382531e-06,2.347767e-06,4.3594468e-07,8.0447114e-06
20170920-113620-2.jpg,2,2,4.9082714e-07,8.478783e-07,0.99996921,1.7448404e-06,1.7730073e-05,4.2264674e-07,9.5416376e-07,1.1154978e-06,7.4803618e-06
20170906-132254-1.jpg,3,3,0.045579925,0.0019538805,0.15717338,0.71385378,0.016039221,0.013915548,0.00087244824,0.0037504713,0.046861345
20180125-131823-3.jpg,8,8,0.0028097847,0.042342518,0.0006376275,0.00014964156,0.00018238922,5.8752289e-05,0.0006087619,0.35271812,0.60049241
20170501-144349-0.jpg,1,1,0.00010142597,0.99764371,3.1426602e-05,3.2651097e-06,1.2763826e-05,1.5297712e-05,5.5057212e-05,0.00081915287,0.0013178996
20180112-103552-1.jpg,8,8,0.0022236547,0.0005141802,8.6824395e-05,8.5424645e-06,7.2666574e-05,0.00013959793,0.00085164361,0.0016175234,0.99448537
20170727-145816-3.jpg,4,4,8.9749402e-05,2.1479976e-05,2.9391619e-05,9.4445296e-06,0.99924243,5.8707308e-06,4.9415072e-06,3.4950564e-06,0.00059319912
20180125-100630-1.jpg,8,8,2.2676652e-06,9.4677178e-06,1.6021734e-06,2.8568077e-07,3.8499941e-05,6.9886897e-06,8.214625e-06,7.7715233e-06,0.9999249
20171220-090130-2.jpg,8,8,0.1306213,0.014448649,0.026187119,0.31892844,0.0061172757,0.0024492214,0.00056222317,0.0054954043,0.49519037
20171113-093900-3.jpg,5,5,0.00071181724,3.4154743e-05,8.6608998e-05,7.7191785e-05,0.00012167962,0.99753506,0.00017961711,0.00024584135,0.0010080317
20171113-144802-3.jpg,6,6,2.90038e-05,5.6595503e-05,1.1344645e-05,3.8148909e-06,9.1448906e-06,9.807205e-06,0.9987303,0.00086587601,0.00028411337
20170729-090502-2.jpg,4,4,8.3513612e-06,9.137725e-06,8.0843611e-05,1.3367891e-05,0.99929054,1.4708508e-06,6.6812233e-06,1.3756575e-05,0.00057585386
20170304-132330-0.jpg,7,7,0.00014622258,3.5035894e-06,1.3767285e-05,2.1360472e-06,7.8682797e-07,1.6449813e-05,4.5376626e-06,0.99980869,3.9022483e-06
20180112-094034-1.jpg,8,8,7.8811953e-05,1.6780362e-05,2.034681e-05,6.651223e-06,1.7197161e-05,8.4249312e-05,0.00010408736,0.00010475052,0.99956713
20170920-101832-2.jpg,2,2,5.5655634e-06,2.3066672e-05,0.99944387,2.3178226e-05,0.000299183,1.6539376e-05,3.970943e-05,6.9030812e-06,0.00014198273
20171113-141121-2.jpg,6,6,4.457562e-06,4.6407961e-05,1.1015552e-06,2.8679881e-06,1.4857884e-06,2.0247296e-06,0.99989933,3.2244505e-05,1.007696e-05
20171113-101952-3.jpg,5,5,0.00039027458,1.2013032e-05,9.7255702e-05,2.5359133e-06,2.3626804e-05,0.99941284,5.8050158e-06,3.2397887e-05,2.3253545e-05
20170315-090946-0.jpg,8,8,0.00040918864,0.00045803811,4.5608026e-05,0.00017593291,0.00014685227,0.0001074648,7.2600581e-05,0.0004937006,0.99809061
20171121-090026-2.jpg,6,6,0.00015296685,0.0012113373,8.7949686e-06,2.2859815e-05,5.0944414e-05,2.4555383e-05,0.99316353,0.0043407133,0.001024296
20171220-094530-2.jpg,8,8,2.7976304e-05,0.0022715658,9.466968e-07,1.0656287e-05,2.4013612e-06,7.7404266e-05,4.7871598e-06,1.3991989e-05,0.99759027
20180119-113956-1.jpg,8,8,1.1887087e-05,0.00036918379,1.938636e-05,3.5691477e-06,1.3995562e-05,6.869953e-06,0.00078792606,0.00030905702,0.99847813
20180109-095939-2.jpg,8,8,0.0001021159,0.003680295,9.4953579e-05,1.2309685e-05,4.139545e-05,3.6137382e-05,2.1023561e-05,7.7046016e-05,0.99593472
20171102-102243-2.jpg,2,2,0.00092359473,0.00025896436,0.6462906,0.0011211566,0.033766848,3.4654028e-05,0.00010687076,0.00065636141,0.31684095
20180112-092826-1.jpg,8,8,6.269764e-06,2.3695432e-05,1.4308595e-05,1.359577e-06,2.1860634e-05,4.3379598e-06,6.1325722e-05,7.9818539e-05,0.99978702
20170217-152041-0.jpg,0,0,0.99342646,0.0001402992,2.3212573e-05,3.6779728e-06,3.529899e-06,6.6981789e-05,1.1705406e-05,0.0062705054,5.3630702e-05
20180105-100717-3.jpg,8,8,0.00099315507,0.00064690344,0.374862,0.0029975396,0.0067196758,0.00028422966,0.0063595326,0.0014580686,0.6056789
20171025-081510-3.jpg,3,3,0.0020437478,0.00041846645,6.8881091e-05,0.99185564,0.0016792577,0.00053049062,3.9625333e-05,0.00045731029,0.002906582
20170728-145825-1.jpg,4,4,1.6757669e-05,5.0445005e-06,8.4304611e-05,2.9340742e-05,0.99811587,4.8899317e-06,1.1090414e-05,9.6246417e-06,0.0017230737
20170127-102124-0.jpg,1,1,7.8743396e-06,0.99953069,3.4598388e-06,1.6011723e-06,6.4448107e-06,1.6673828e-06,5.0889721e-06,1.4457993e-05,0.0004287118
20171113-124335-1.jpg,6,6,1.533684e-05,0.00020275235,1.0055576e-05,5.7858604e-06,1.5095823e-05,3.5699328e-06,0.99951186,6.4955169e-05,0.0001705843
20170913-103603-3.jpg,5,5,0.00037156956,0.00012480555,1.4515422e-05,0.00019850522,5.0725058e-05,0.99911625,4.2053291e-06,9.216656e-05,2.7260839e-05
20180105-100739-3.jpg,8,8,0.0014389719,0.00023071358,0.00017992108,0.0016094036,0.00013775724,3.2117222e-05,0.0063101597,0.0022550269,0.98780593
20170405-155358-0.jpg,0,0,0.97542329,7.3460574e-05,8.8075163e-05,6.4788565e-06,1.6301798e-05,8.3374717e-05,2.2971122e-05,0.023512721,0.00077333159
20170130-102858-0.jpg,1,1,0.00062293618,0.99693973,4.4073283e-05,8.5615422e-05,0.00020981609,0.0013571508,4.0375616e-05,0.00056283948,0.00013746478
20180322-130751-1.jpg,8,8,6.2826928e-05,8.2750139e-05,3.6775207e-05,2.936269e-05,0.0012832867,7.4425821e-05,3.4837749e-05,8.3583551e-05,0.99831215
20180109-070018-2.jpg,8,8,6.4901535e-05,0.00028860058,8.2698704e-05,0.00040063195,0.00062310733,3.2276357e-05,0.00058031962,0.00078533431,0.99714213
20170714-170300-1.jpg,1,1,2.5929469e-05,0.99994532,2.5917408e-06,7.3575062e-07,5.2552303e-06,7.46655e-07,1.4853636e-06,1.5910627e-05,2.0262814e-06
20170304-131518-0.jpg,7,7,0.00057427185,0.00048213495,2.6736331e-05,8.4191709e-06,5.1749739e-06,1.5834554e-05,7.881493e-06,0.99884076,3.8783175e-05
20170920-184941-1.jpg,2,2,3.0198802e-07,8.4752573e-07,0.99996204,8.9307991e-07,1.7124889e-05,1.4760084e-06,1.2146724e-06,8.078184e-07,1.5295297e-05
20171220-083131-3.jpg,8,8,3.2116534e-05,6.673855e-06,2.4079666e-06,7.7608664e-06,6.257867e-06,9.3293941e-05,6.4069469e-06,2.2691799e-05,0.99982239
20170920-100529-1.jpg,2,2,3.6869186e-05,5.7604344e-05,0.99834769,5.1040112e-05,0.00099973901,4.8490368e-05,6.2041728e-05,1.7895654e-05,0.00037863354
20180322-120934-2.jpg,8,8,7.20969e-07,1.8751855e-05,4.2419721e-07,8.0495826e-07,7.4146842e-07,1.0267314e-05,2.7528983e-06,5.8145534e-06,0.99995972
20171219-104758-2.jpg,8,8,2.1248578e-05,1.2323629e-05,4.6854571e-07,8.0572645e-06,5.933129e-07,4.6525042e-06,9.547678e-07,4.5882866e-06,0.99994711
20171218-110051-3.jpg,8,8,1.2437287e-05,0.00019932949,2.3864264e-06,5.6684722e-06,9.384594e-07,0.00016585946,6.0398069e-05,4.6256292e-05,0.99950673
20170714-133313-1.jpg,1,1,7.269028e-05,0.99966635,1.4918864e-05,1.917961e-06,1.5866744e-05,1.7124097e-06,2.414912e-05,0.00010232293,0.00010006739
20170920-112602-3.jpg,2,2,1.2351005e-05,2.1702801e-05,0.99977947,2.3384971e-05,6.5836213e-05,4.2983066e-05,8.9349729e-06,6.5289217e-06,3.8812499e-05
20170714-170250-1.jpg,1,1,1.1135158e-05,0.99992886,6.108328e-07,8.9170684e-07,2.2295722e-06,7.7164815e-07,6.9024376e-07,1.7584558e-05,3.7222808e-05
20170404-153723-0.jpg,7,7,0.00060339792,0.00034062621,7.1784359e-05,6.4718697e-06,7.2029024e-06,1.5942872e-05,2.9971341e-05,0.99883079,9.3814078e-05
20170304-131916-0.jpg,7,7,0.00058149317,5.6451952e-06,3.7669464e-05,5.579702e-06,3.5207553e-06,3.799568e-05,1.1627639e-05,0.99924595,7.0513869e-05
20180109-072300-1.jpg,8,8,2.8985353e-06,8.1211486e-05,3.0397664e-05,2.2781434e-05,0.00012964309,1.5687893e-05,0.0021804803,2.8439861e-05,0.99750846
20180112-070959-2.jpg,8,8,9.2267906e-05,0.00022967269,2.6546102e-05,0.0013924833,0.00027256606,3.1812056e-05,0.0001676484,0.00043148736,0.99735552
20171113-123243-1.jpg,6,6,4.8678723e-06,0.00024084605,1.3416501e-06,1.4262877e-06,1.9454513e-06,3.3574097e-06,0.99934832,0.00019543182,0.00020246046
20170521-153441-0.jpg,1,7,0.00063670701,0.032333621,0.00011258049,1.5307435e-05,2.9973257e-05,2.3796649e-05,6.1346433e-05,0.96673047,5.6193222e-05
20170913-122502-2.jpg,5,5,0.00039142157,0.00013956484,7.7952383e-05,0.00025815838,0.00043233274,0.99787997,2.0093194e-05,0.00055025345,0.00025025434
20180112-091623-2.jpg,8,8,0.00083191021,3.3939695e-05,0.00028323951,3.5012763e-05,4.1019212e-05,0.00031685578,5.2766452e-05,0.00031451304,0.99809074
20171025-091847-2.jpg,3,3,0.0017662746,6.495569e-05,0.00017246439,0.99557932,0.00030657753,0.00071241428,2.2789701e-05,0.00014109338,0.0012341056
20171109-072638-1.jpg,5,5,0.00019476874,2.5231631e-05,6.8318248e-05,5.8145496e-06,2.671496e-05,0.99952859,4.0758873e-05,7.0593188e-05,3.9210087e-05
20180119-113529-2.jpg,8,8,6.817869e-05,0.00079397677,1.7247253e-06,4.2601077e-06,1.59214e-06,4.4783386e-05,1.6044307e-06,1.4503309e-05,0.99906938
20170210-132301-0.jpg,0,0,0.99825221,9.7602299e-06,4.424352e-05,9.9434491e-06,6.3127366e-06,0.0015195,2.8134197e-06,6.3358358e-05,9.1859442e-05
20180125-101314-1.jpg,8,8,2.3901092e-06,6.3385789e-06,1.3523916e-06,2.036956e-06,2.3230004e-05,1.1831316e-06,0.00011341163,4.9237021e-05,0.99980082
20180119-111347-1.jpg,8,8,9.8674597e-06,0.00028818004,1.2975127e-06,1.9656043e-06,1.8590561e-06,2.2268713e-05,8.5986932e-05,5.7712237e-05,0.99953086
20171212-095442-1.jpg,8,8,4.0586404e-05,5.649739e-06,1.1515293e-06,3.890657e-05,4.4963239e-06,0.00041833785,9.0863455e-06,6.8356306e-05,0.99941343
20170714-142847-3.jpg,1,1,1.9258946e-05,0.99994818,2.2695476e-06,5.3811992e-07,3.6285712e-06,7.1116134e-07,2.522439e-06,1.9272625e-05,3.6153924e-06
20180109-074141-2.jpg,8,8,1.9344772e-05,0.00020264788,2.6958405e-05,0.00011386309,4.3920473e-05,4.4328281e-05,8.4654451e-05,5.8437539e-05,0.99940585
20171217-103510-2.jpg,8,8,0.0011688926,0.00027439409,2.5239772e-05,0.00013454568,0.00023013123,0.00040993296,7.3553807e-05,9.6952408e-05,0.99758636
20180109-092204-2.jpg,8,8,7.8039688e-06,1.716997e-05,9.3929237e-06,8.755441e-06,6.3070784e-05,7.8116761e-05,2.0282964e-05,2.7626089e-05,0.99976778
20171109-092732-2.jpg,5,5,0.00075818226,0.0014081431,0.00017160193,3.6865124e-05,8.4440117e-05,0.99689864,0.00012999479,0.00011081531,0.0004013199
20171220-084724-3.jpg,8,8,2.3062158e-06,3.2231664e-05,6.0136276e-07,1.2240162e-05,2.3165245e-06,1.578145e-05,3.3990833e-06,1.3929372e-05,0.99991719
20180105-093439-2.jpg,8,8,3.4548104e-05,2.5876655e-05,7.3644227e-05,9.3285715e-06,2.6735687e-05,1.8646852e-05,0.0006794782,0.00046785257,0.99866389
20170920-181851-1.jpg,2,2,1.936095e-06,4.7694455e-06,0.9997486,7.4177389e-06,0.00018715555,1.1850246e-05,2.8162508e-06,1.533924e-06,3.3925573e-05
20180109-092312-2.jpg,8,8,5.3598236e-06,1.2949733e-05,5.4848351e-06,2.2729102e-06,2.6696664e-05,1.5130637e-05,2.0513625e-05,3.0538717e-05,0.99988105
20180105-094722-2.jpg,8,8,1.9274274e-05,2.6587353e-05,0.00011788998,1.173254e-05,5.1162004e-05,2.4369454e-05,0.00077400749,0.00031483743,0.99866014
20170920-190503-1.jpg,2,2,0.00015455231,0.00010508162,0.94484106,0.0080938141,0.03784143,5.8239203e-05,0.00018169328,0.00027813273,0.0084459962
20170913-105051-1.jpg,3,3,9.2970105e-05,0.0002499754,1.8439571e-05,0.99829714,0.00076430983,0.00019626284,1.232222e-05,1.3340574e-05,0.00035523736
20171025-080643-2.jpg,3,3,0.001658762,6.5373915e-05,4.5835867e-05,0.99726965,0.00015583289,0.0001649764,1.3850785e-05,0.00032066686,0.00030505287
20171219-100737-2.jpg,8,8,2.4675832e-06,0.00019544295,1.4546738e-06,8.0646561e-07,8.139096e-07,4.8808624e-06,9.368055e-07,7.5455281e-06,0.99978565
20170727-113408-3.jpg,4,4,3.139481e-06,4.691886e-06,5.1812196e-05,6.5722112e-06,0.99792038,6.2536652e-06,9.9606916e-06,2.0030217e-06,0.0019951906
20171025-100416-2.jpg,3,3,0.00090551304,3.4184528e-05,0.00019697021,0.99629041,0.00025885912,0.0005781382,2.9264674e-05,0.00014813299,0.0015585233
20180105-100924-3.jpg,8,8,3.2922029e-05,1.5383614e-05,5.046719e-06,1.5571675e-05,1.2314123e-05,3.4046042e-06,0.00013599935,5.2133515e-05,0.99972722
20171219-115041-2.jpg,8,8,7.0963755e-05,0.00013888019,0.0012361169,3.7551676e-05,0.00032011543,2.4244651e-05,0.00056849389,0.00018618747,0.99741745
20171218-105127-2.jpg,8,8,0.00083457338,0.00056264858,8.2549797e-05,9.0157856e-06,2.2619096e-05,0.00065673415,0.00054096538,0.0026341025,0.99465679
20161207-144807-0.jpg,7,8,0.030559926,0.36084502,8.5402843e-05,0.00095117137,0.00021632096,0.00059316799,0.00012629584,0.083110227,0.52351247
20170728-154551-1.jpg,4,4,3.292769e-05,2.6621325e-05,7.1673907e-05,6.6131194e-05,0.98375867,5.9733484e-05,3.5376403e-05,6.7593323e-06,0.015942104
20170920-112915-3.jpg,2,2,1.2223538e-06,2.5936529e-06,0.99996165,5.0457336e-06,1.6039085e-05,4.2594598e-06,1.4839094e-06,1.3899861e-06,6.315336e-06
20180112-073902-1.jpg,8,8,0.0016155879,0.034525131,0.00022086229,0.00040056224,0.0004112427,8.9763132e-05,0.004148094,0.43641023,0.52217853
20171212-100452-3.jpg,8,8,8.1983294e-05,6.865427e-05,4.3642025e-06,7.8971322e-05,1.6621004e-05,0.011629893,8.6875337e-05,5.1270632e-05,0.98798137
20180105-100038-2.jpg,8,8,1.8548023e-05,1.2807471e-05,3.4929722e-05,5.6246683e-06,4.1668919e-05,1.0784607e-05,0.00056490492,0.00021601211,0.99909472
20180109-091312-2.jpg,8,8,4.2012206e-05,0.0014751463,4.5028885e-05,9.680871e-05,2.5695238e-05,0.0014643409,0.0018185251,0.00070059012,0.99433185
20171218-115247-2.jpg,8,8,3.1166535e-05,0.00020937584,2.166318e-06,5.3539998e-06,1.5013809e-06,9.9714439e-05,1.2070785e-05,0.00024968527,0.99938897
20180109-101245-2.jpg,8,8,1.1972653e-05,7.7555396e-05,1.5499728e-05,8.1424569e-05,8.7750045e-05,1.5614657e-05,0.0019451281,5.9491976e-05,0.99770556
20180109-072502-1.jpg,8,8,4.6702221e-06,1.2664364e-05,1.4314155e-06,1.3112347e-05,5.4371236e-06,2.0593374e-06,0.00042519994,3.8213753e-05,0.99949721
20171218-121347-2.jpg,8,8,3.0139064e-05,3.4913618e-05,5.9483017e-06,1.6411745e-05,7.247388e-06,0.00046806362,3.8407749e-05,7.4821418e-05,0.99932405
20180125-131813-2.jpg,8,8,3.7825813e-05,0.00019292198,1.8053989e-05,1.5310886e-05,1.2982304e-05,0.00032834083,0.00017486129,0.00021304538,0.99900666
20171220-084337-3.jpg,8,8,4.2318792e-06,1.1203517e-05,1.7970761e-06,2.9666718e-06,5.6710343e-06,4.6847332e-05,6.9818979e-06,1.0710472e-05,0.99990959
20171109-070917-1.jpg,5,5,7.3760524e-05,4.7363129e-05,2.1589651e-05,6.1976678e-06,1.0789206e-05,0.99969603,1.4163731e-05,2.4594729e-05,0.00010550724
20180322-114711-1.jpg,8,8,1.0554526e-05,1.99721e-05,5.8552695e-06,2.7720517e-06,8.201742e-06,0.00024011327,6.826219e-06,1.7637789e-05,0.99968807
20180105-093654-2.jpg,8,8,0.00010767241,0.00032838412,5.4961358e-06,7.2909365e-06,1.6439094e-05,0.0033452154,0.00094810583,0.00092572096,0.99431568
20170728-122224-3.jpg,4,4,8.2239797e-06,3.9006595e-06,1.3944744e-05,2.8228963e-06,0.99946425,2.7034357e-06,9.6915584e-07,1.5821127e-06,0.00050160232
20170811-110232-1.jpg,0,0,0.99978798,7.858214e-05,1.3835002e-05,1.128691e-06,5.7535175e-06,1.6617414e-05,3.6458469e-06,7.5593142e-05,1.6859999e-05
20180109-080646-2.jpg,8,8,2.5195934e-05,3.0024465e-05,0.00025440383,4.03018e-05,0.00016968601,2.7460622e-05,0.0011670252,0.000616515,0.99766939
20171218-105411-3.jpg,8,8,0.00021142651,0.00020319672,2.3370116e-05,6.5735787e-06,2.1385904e-05,0.004729129,5.2723461e-05,0.00010560833,0.99464659
20170906-112042-4.jpg,3,3,0.0087868469,0.00057975568,0.0032592016,0.98088513,0.0022797206,0.0014116496,8.1682453e-05,0.00075902779,0.0019569815
20171025-094302-2.jpg,3,3,0.0013549193,0.00029147102,0.00018806387,0.99060379,0.00028436584,0.00096522615,0.0002445838,0.0001281356,0.0059394457
20180105-092629-2.jpg,8,8,6.515647e-06,5.036874e-05,6.4940089e-07,3.7324544e-06,2.4051956e-05,2.7732574e-06,0.0032919958,3.677689e-05,0.99658314
20171122-095852-1.jpg,5,5,0.00015208995,3.1803094e-05,7.0398479e-05,1.7383613e-05,4.2651108e-05,0.99934442,8.3173155e-05,0.00014240971,0.00011566716
20170920-185519-1.jpg,2,2,4.1358222e-07,6.0853142e-07,0.99998595,2.0132064e-06,5.6250249e-06,1.0458754e-06,4.6024641e-07,5.46599e-07,3.341388e-06
20171109-073438-1.jpg,5,5,7.4227809e-05,0.00010981687,2.4492274e-05,1.4209584e-05,2.7768908e-05,0.99867226,3.4682571e-05,6.0686745e-05,0.00098185799
20171220-090323-3.jpg,8,8,0.0036663915,0.0023291979,2.8634504e-06,0.00064131503,5.4634994e-06,5.1145466e-05,1.7410501e-05,0.0010233559,0.99226286
20170714-170829-1.jpg,1,1,0.00048708092,0.94787243,3.050225e-05,8.530232e-05,2.4129775e-05,4.3072543e-06,1.8351294e-05,0.0048363162,0.046641576
20180105-092837-2.jpg,8,8,8.4025806e-06,3.9024105e-05,5.404257e-05,8.1621831e-06,8.0659396e-05,2.1006952e-05,0.00050443034,0.0002809459,0.99900333
20171219-112707-3.jpg,8,8,0.0001875702,0.0008893941,0.032898052,9.6984645e-05,0.021629255,7.6837776e-05,0.00039556504,0.00021970414,0.94360664
20180125-134604-3.jpg,8,8,4.2670589e-05,4.5403775e-05,2.6805117e-05,1.1212039e-05,5.7183106e-05,7.079203e-06,0.00041162362,0.00047858214,0.99891944
20170210-131852-0.jpg,7,7,6.1478035e-05,8.9319394e-06,2.3727446e-05,9.0864312e-07,3.934232e-07,2.0665067e-05,1.8640538e-05,0.99986371,1.5498353e-06
20180109-075528-2.jpg,8,8,2.1950329e-05,4.8965696e-05,0.00036755472,0.00010781159,0.00018616146,3.0508542e-05,0.0025076913,0.00053077189,0.99619858
20170913-110924-1.jpg,3,3,4.8952533e-05,3.4512453e-05,3.0611402e-06,0.99929774,0.00013369265,0.00027346979,2.252508e-06,3.6788744e-06,0.00020264417
20171212-095801-3.jpg,8,8,1.1533928e-05,1.9893528e-05,2.2650384e-07,2.51094e-06,4.8086549e-07,1.8192333e-05,4.6318026e-06,1.8819948e-05,0.99992371
20180125-091721-2.jpg,8,8,3.4613941e-06,1.9090842e-05,9.9115185e-06,3.2366627e-05,0.024061348,1.2772466e-05,4.9272598e-05,8.1813439e-06,0.97580359
20180109-072056-2.jpg,8,8,1.0387159e-05,1.258108e-05,3.9658117e-05,1.2096242e-05,2.6912994e-05,4.9974941e-06,0.00031327165,0.00028805071,0.99929204
20171113-121432-2.jpg,6,6,2.327309e-06,1.9127942e-05,2.1196243e-06,2.5275807e-06,3.4308278e-06,2.555848e-06,0.99991448,3.6868472e-05,1.6562758e-05
20171121-091041-1.jpg,6,6,1.0560143e-05,0.0002715503,2.2487824e-06,2.0172528e-06,2.3630991e-06,4.0062443e-06,0.99959942,9.5272926e-05,1.2564901e-05
20180125-095855-1.jpg,8,8,0.0011451503,9.8125241e-05,2.2943689e-05,4.1416983e-05,0.00028483486,1.5937557e-05,0.00041953261,0.0005210658,0.99745099
20180109-074701-2.jpg,8,8,2.6379995e-06,1.04203e-05,3.0490396e-06,2.0848775e-05,1.140148e-05,9.6333985e-06,4.350569e-05,8.7714331e-06,0.99988973
20171203-173455-3.jpg,8,8,0.00032312657,0.032541755,2.5841344e-05,7.178938e-05,1.0866178e-05,0.0002388657,0.0052556265,0.0030959623,0.95843617
20180109-065926-1.jpg,8,8,0.0001787869,3.1500789e-05,1.6857292e-05,1.4598839e-05,6.6023903e-05,3.4504892e-05,0.00032163615,0.00023721275,0.99909888
20171203-172227-3.jpg,8,8,1.8710013e-05,0.00043851458,7.1737544e-06,6.6285479e-06,4.6751027e-06,1.4719564e-05,9.0451524e-06,0.00016741025,0.99933312
20170913-095810-2.jpg,3,3,7.7758753e-05,1.5459762e-05,2.0374816e-06,0.99979636,2.8632992e-05,3.9190892e-05,1.4635821e-06,1.1607381e-06,3.7938412e-05
20171102-122707-1.jpg,2,2,3.0079142e-06,4.2221898e-06,0.99993873,4.5251458e-06,2.4711937e-05,3.2290117e-06,1.1593282e-06,3.0800772e-06,1.7336904e-05
20171218-103140-2.jpg,8,8,0.01732498,0.015187265,6.2695707e-05,0.00081269115,0.0035205035,0.00014008486,7.5565701e-05,0.0026559659,0.96022025
20180112-101855-1.jpg,8,8,1.9450214e-05,4.5180961e-05,1.8839765e-05,1.7908404e-05,2.2526051e-05,7.4391316e-05,0.0017906764,0.00018014789,0.99783088
20180109-072157-1.jpg,8,8,3.2643732e-06,6.0880468e-06,2.9934958e-07,4.682559e-06,1.7135055e-05,1.8348982e-06,0.00047363914,1.421657e-05,0.99947884
20171109-071710-3.jpg,5,5,0.001030097,2.521162e-05,0.00016137665,2.2038188e-05,7.9798074e-05,0.99793968,0.00012924989,0.00055857815,5.397468e-05
20161207-111744-0.jpg,0,0,0.9986543,0.00019653585,1.2101916e-05,3.1048398e-06,3.7995251e-06,0.0008779414,5.5808167e-06,0.00021123779,3.5397393e-05
20171218-112553-3.jpg,8,8,1.1360682e-05,6.5227452e-05,5.9501175e-06,4.7151747e-06,8.0114184e-06,0.00028434053,6.991727e-05,1.175294e-05,0.99953872
20180109-080400-1.jpg,8,8,3.5929889e-06,5.8739122e-05,4.0172039e-06,7.0939191e-06,3.3041135e-05,8.864624e-06,0.0045284026,2.5807297e-05,0.99533044
20170920-162231-3.jpg,2,2,1.1203674e-05,8.4512706e-06,0.99932611,7.4936535e-05,0.00024393256,5.7958294e-06,1.9819488e-05,2.772554e-05,0.0002820263
20180105-101120-3.jpg,8,8,0.00030253139,0.00054854618,0.00019029263,0.00037293564,0.00038303264,4.2875779e-05,0.00055814363,0.00058965024,0.99701199
20170714-143530-2.jpg,1,1,8.7672015e-06,0.99990252,4.2298987e-06,1.4323232e-06,8.4948509e-06,1.5019632e-06,7.6262412e-06,1.9642914e-05,4.5787648e-05
20171113-142802-3.jpg,6,6,1.0121061e-05,0.00016908654,9.3347605e-06,1.2857343e-05,9.92308e-06,8.0981697e-06,0.99823191,0.00086054994,0.00068811826
20170727-130258-1.jpg,4,4,1.0007806e-05,7.0062958e-06,0.00010825472,3.1670973e-05,0.99942332,6.1335277e-06,1.0815624e-05,9.9597727e-06,0.000392828
20170728-124159-2.jpg,4,4,3.2853958e-06,2.8353614e-06,5.1196896e-06,3.6458503e-06,0.9998168,1.7630456e-06,8.0766019e-07,7.8272924e-07,0.00016496248
20170718-094725-2.jpg,0,0,0.98800285,0.00049338137,3.841669e-05,0.00017344664,5.3744654e-05,0.00014595038,6.3065369e-06,0.0013788505,0.0097070563
20171025-073644-3.jpg,3,3,0.0013939304,0.00036821326,3.8221618e-05,0.99219379,0.00023233745,0.0006843983,2.4749682e-05,0.00018182092,0.0048825426
20171102-122142-3.jpg,2,2,0.00016375894,3.4866754e-05,0.99886625,8.7599881e-05,0.00035443295,6.629158e-05,7.0063944e-06,3.5819988e-05,0.00038397015
20180322-105228-1.jpg,8,8,1.4949318e-05,5.1928442e-05,2.364495e-06,1.6830294e-05,3.1370964e-05,2.2000472e-05,1.9679775e-06,2.8618785e-05,0.99982997
20170920-113422-2.jpg,2,2,1.1355204e-06,1.1006708e-06,0.99997726,2.7258646e-06,8.3475064e-06,7.4610094e-07,8.9470504e-07,1.3307169e-06,6.4579478e-06
20170210-141602-0.jpg,7,7,0.0068867916,0.0005142453,0.00065191999,0.00017921442,0.00010080631,0.00040477055,7.043946e-05,0.99068596,0.00050585718
20170729-092455-2.jpg,4,4,1.0223397e-05,7.4867691e-06,6.6644096e-06,5.2107113e-06,0.99934365,8.5018219e-07,2.8671654e-06,2.4808981e-06,0.00062056958
20170210-133211-0.jpg,0,8,0.0763992,0.19510375,0.0052625911,0.0018232072,0.0078701018,0.0046405196,0.008216915,0.032208409,0.66847531
20170920-190826-1.jpg,2,2,4.141843e-05,0.00011489479,0.91987903,0.00075596111,0.07651865,3.3143308e-05,6.5136522e-05,9.9611369e-05,0.0024921526
20171212-105756-3.jpg,8,8,0.0026551941,0.02071054,0.00039837971,0.00029358454,0.00099671367,0.00041399745,0.043783892,0.0049529095,0.92579479
20170705-162824-0.jpg,8,7,0.058057887,0.00088540874,0.00013922719,0.049557439,0.00011455084,5.0448807e-05,0.00028009778,0.80967258,0.081242357
20171218-103654-2.jpg,8,8,0.0013157042,0.024550071,6.7338667e-05,4.8340379e-05,1.4048583e-05,5.5826487e-05,0.00026406012,0.019634993,0.95404962
20171205-144246-2.jpg,8,8,2.9418232e-05,2.7164444e-05,1.141615e-06,1.1411658e-05,1.3580145e-06,0.00059520598,3.5788945e-05,6.4842033e-06,0.99929203
20170728-150813-1.jpg,8,8,0.0022917467,0.0010625924,0.00028592476,0.0056976778,0.010008102,0.00012787007,0.00034388047,0.0032604925,0.97692171
20170501-143642-0.jpg,1,1,0.0003618735,0.99804346,2.1799614e-05,7.351807e-06,3.5911724e-05,5.7048287e-05,1.5831797e-05,0.0008314789,0.00062524463
20180112-082623-1.jpg,8,8,0.0003250999,0.00011263644,2.0335909e-05,0.00018131215,2.8525765e-05,2.9493877e-05,0.00071998986,0.0078518026,0.9907308
20170913-105539-3.jpg,5,5,0.10231299,0.00042236282,0.00022006692,0.00031559699,0.00028711324,0.89390736,4.4415e-05,0.00036579159,0.0021243029
20170705-162050-0.jpg,7,7,0.00059585683,0.00048909914,4.9748034e-06,9.5840368e-06,1.9832025e-06,6.1931985e-06,0.00027458534,0.99712816,0.0014895643
20180109-105155-2.jpg,8,8,0.0014634176,0.00012050998,0.0071731095,0.00083594937,0.00022001842,0.00042328161,0.00012086187,0.0025514568,0.98709139
20171113-144318-3.jpg,6,6,3.3815703e-05,0.0004467386,5.4343315e-06,9.5023311e-06,1.1158358e-05,8.0409931e-06,0.99932204,9.2235025e-05,7.1031201e-05
20170217-100519-0.jpg,7,7,0.012325846,0.00076595877,0.0007153628,8.6031729e-05,7.3643573e-05,0.00081331626,0.0036511611,0.97596492,0.0056037607
20180112-102708-1.jpg,8,8,1.2108293e-05,3.2427684e-05,7.9827787e-06,1.8573605e-06,1.2766082e-05,1.2590046e-05,0.00013180493,4.6610741e-05,0.99974185
20170610-124334-0.jpg,1,1,0.0007469195,0.90242013,0.00018989508,3.5529262e-05,0.00023840307,0.00025485211,0.012722173,0.0032457941,0.080146303
20171025-093119-2.jpg,3,3,0.00046326554,1.1549654e-05,4.7522717e-05,0.99872774,9.6484639e-05,0.00015765109,1.0200251e-05,3.2020831e-05,0.00045356633
20171220-100545-2.jpg,8,8,0.00048263611,3.8909787e-05,1.9469018e-06,7.4242656e-06,6.888523e-07,0.00021113686,2.2152629e-05,3.4276303e-05,0.99920083
20180322-111955-2.jpg,8,8,5.4586131e-06,3.215145e-05,3.3131147e-06,3.9369085e-06,4.7473019e-06,7.2187895e-06,1.9964871e-05,2.2150979e-05,0.99990106
20180322-125704-1.jpg,8,8,4.5854157e-06,6.5512158e-05,3.5062159e-06,1.5928247e-05,9.9356455e-06,8.367568e-06,3.6845882e-06,8.1404825e-06,0.99988034
20180322-114702-1.jpg,8,8,1.3434492e-05,2.1746605e-05,2.1454194e-06,5.1817929e-06,2.6803712e-06,9.552511e-05,1.8553473e-05,9.8163912e-05,0.99974257
20180112-072757-2.jpg,8,8,0.002961695,0.00075963535,0.00029222835,0.0001281654,0.00081210972,6.8559443e-05,0.00031456695,0.0014959955,0.99316704
20171122-102101-1.jpg,5,5,0.00015566772,3.4031474e-05,6.0283587e-05,1.8827121e-05,4.141236e-05,0.99944526,3.9122127e-05,6.0726595e-05,0.00014466622
20170727-125810-3.jpg,4,4,4.0731601e-05,3.2468258e-05,0.00039527292,7.7396116e-05,0.98841426,8.5606662e-06,7.6517952e-05,4.6739616e-05,0.010908052
20170217-103346-0.jpg,0,0,0.99891996,1.6441853e-05,1.3292339e-05,2.9229825e-06,1.793327e-05,4.1081301e-05,2.8405304e-06,0.0002133431,0.00077218465
20171121-083939-1.jpg,6,6,1.2131601e-05,0.00019612766,3.6790979e-06,3.674313e-06,4.4984826e-06,2.5655661e-06,0.99956766,0.0002039706,5.6951063e-06
20171212-094227-1.jpg,8,8,1.9503088e-05,4.0781544e-05,3.5803824e-07,2.6320482e-05,6.1939598e-07,4.8000907e-05,6.5706165e-07,8.1416326e-06,0.99985562
20180125-134055-3.jpg,8,8,0.00013242195,0.00012267864,7.2262304e-05,1.7189063e-05,0.00013643948,3.6281163e-05,0.00043487587,0.00066391954,0.99838393
20170920-095322-1.jpg,2,2,0.00016019601,0.00019125942,0.99413859,6.7854078e-05,0.0028006295,0.00030587974,0.00014914455,0.00014686281,0.0020395854
20180109-080101-2.jpg,7,7,0.0061907329,0.0079011548,0.00036632934,0.00027896944,0.00014640263,0.00015826965,0.0042084518,0.95542236,0.025327329
20180112-091641-1.jpg,8,8,1.2207128e-05,9.7760906e-05,3.1401007e-06,8.9729259e-07,1.4036563e-05,1.5842563e-05,2.7020869e-05,3.826355e-05,0.99979083
20171113-144523-3.jpg,6,6,0.00012027704,0.012645594,9.0820151e-06,7.289183e-06,9.9112734e-06,0.00011982809,0.98214403,0.00018121287,0.0047627784
20170920-110646-3.jpg,2,2,1.720809e-06,4.0633688e-06,0.99993606,5.4615517e-06,2.3340926e-05,5.7012413e-06,3.4252946e-06,2.3914998e-06,1.7831104e-05
20171219-092939-3.jpg,8,8,8.3564231e-05,0.00088252052,3.7582835e-07,2.6804651e-05,7.7124047e-07,2.372581e-05,0.019533876,5.5583489e-05,0.97939278
20180105-092612-2.jpg,8,8,1.1024046e-05,2.5692609e-05,9.02316e-05,1.3231332e-05,0.00017616949,1.5354094e-05,0.0013818241,0.00014354607,0.99814293
20180112-094508-1.jpg,8,8,2.1129745e-05,1.7961789e-05,1.0784686e-05,1.2310106e-05,6.8360899e-06,0.000131248,5.4849273e-05,0.00017504689,0.99956983
20180112-101800-1.jpg,8,8,9.3175426e-05,3.8217063e-05,1.4036633e-05,3.5733995e-06,1.2780861e-05,4.4375511e-05,0.00025374496,0.00012558178,0.99941451
20170727-164020-3.jpg,4,4,0.00012670079,5.9266909e-05,1.0769441e-05,1.6750338e-05,0.99871307,4.1852436e-06,5.8859957e-06,1.0624534e-05,0.0010527456
20171121-082501-2.jpg,6,6,2.1149277e-05,0.00087732297,4.3012108e-06,7.2958869e-06,1.4019107e-05,8.5907458e-06,0.99868718,0.00012309999,0.00025704089
20171102-094636-3.jpg,4,8,0.00054154622,0.0020978871,0.00044941499,0.0009758407,0.0032077824,1.693841e-05,0.00017960141,0.00025462486,0.99227636
20171109-093105-1.jpg,5,5,9.1159108e-05,1.0296254e-05,2.8250684e-05,8.4748977e-06,1.7293889e-05,0.99974517,2.6343573e-05,2.7184786e-05,4.5825119e-05
20180125-100300-1.jpg,8,8,1.7453305e-06,1.4089889e-05,1.0562011e-06,8.9624166e-07,2.4087271e-06,2.2028569e-06,4.7016444e-05,1.0563507e-05,0.99992002
20170718-132051-2.jpg,0,7,0.16314547,0.080460514,0.0024982402,0.00096747436,0.00016060786,0.0020662676,0.00031809015,0.71711089,0.033272447
20170127-102015-0.jpg,1,1,1.5484414e-05,0.9992883,3.3258419e-06,2.4374627e-06,7.6159261e-06,3.7724337e-06,0.0001129224,0.00013812903,0.00042800786
20180109-102849-2.jpg,8,8,0.00091502147,0.0010457371,0.00085928224,0.0023325509,0.0026857151,0.00010063236,0.00025789906,0.0049890094,0.98681415
20180105-095426-2.jpg,8,8,9.4346406e-06,1.053975e-05,1.1859303e-05,6.5040728e-06,3.6098454e-05,8.1719421e-06,0.00034144156,9.6645031e-05,0.99947931
20170707-111748-0.jpg,0,0,0.9981952,0.00033466184,1.7299002e-05,4.8721871e-05,2.0058888e-06,4.6397443e-05,6.418886e-06,0.00065110357,0.00069818826
20170811-113945-2.jpg,0,0,0.999201,6.8175363e-05,1.9105781e-05,1.5105729e-06,1.1928763e-05,1.9774285e-05,3.8943342e-06,0.00060997649,6.4633637e-05
20170714-142040-2.jpg,1,1,0.015191615,0.98398827,1.904068e-05,2.1265659e-05,5.5890706e-05,4.4210051e-05,2.1407023e-05,0.00030866778,0.0003496362
20170714-120513-2.jpg,1,1,1.9335614e-05,0.99974545,1.7986965e-06,1.1531638e-06,5.561148e-06,1.1297878e-06,6.2385713e-06,0.00021154751,7.7878198e-06
20180112-071909-1.jpg,8,8,1.024022e-05,7.1600395e-05,1.1666078e-05,2.8113987e-05,4.8777339e-05,8.368298e-06,5.411488e-05,0.00019073184,0.99957639
20171203-165821-3.jpg,8,8,0.00080753789,0.0012112869,7.2221983e-05,0.00027235295,0.00030018883,0.0011566118,0.00018302055,0.00080646859,0.99519031
20180119-110234-2.jpg,8,8,0.0027997182,0.0034522908,0.00041708208,2.2128536e-05,0.0016609291,1.24739e-05,0.00023557975,0.00080633301,0.99059346
20180109-080350-1.jpg,8,8,3.9766348e-06,2.6366586e-05,9.5807966e-06,6.5569967e-05,1.0348562e-05,6.2028891e-06,0.001760532,9.0673937e-05,0.99802675
20170718-132932-2.jpg,0,0,0.99165386,4.8792044e-05,0.00010267356,7.4098883e-05,7.1229365e-06,7.2890499e-05,1.312805e-05,0.0074565985,0.00057083494
20170405-155128-0.jpg,0,0,0.9995164,1.068504e-06,1.0288261e-05,9.8610561e-07,1.2580255e-06,2.2401299e-05,1.6094975e-06,0.00040042003,4.556954e-05
20171220-083300-3.jpg,8,8,0.00010811862,5.6893205e-06,1.0724594e-06,8.9251775e-06,5.3264177e-06,0.00017391753,7.4931732e-06,0.00011598767,0.99957347
20170727-154540-1.jpg,4,4,4.2728695e-06,6.7992818e-06,3.5649512e-05,1.3785871e-05,0.9994041,4.5404471e-06,8.9627054e-06,3.9643357e-06,0.00051792722
20170913-103238-2.jpg,3,3,0.0001454497,3.2186339e-05,2.3995987e-06,0.99911108,0.00029299356,0.00037080697,3.4403599e-06,3.15143e-06,3.8489975e-05
20180119-110920-2.jpg,8,8,0.0032967892,0.042864822,0.00021365929,8.7737348e-05,0.0004275172,0.0002804873,0.0051530337,0.0024990575,0.9451769
20171109-092642-1.jpg,5,5,9.7657754e-05,3.9595802e-05,6.111878e-05,3.4495985e-05,3.851466e-05,0.99936381,6.0743627e-05,0.00010709702,0.00019696215
20171203-165519-3.jpg,8,8,2.4387876e-06,0.00043228088,1.1682778e-06,2.5570551e-06,5.5374239e-06,4.3516244e-06,6.9289524e-06,3.4799787e-05,0.99950994
20170210-132227-0.jpg,0,0,0.99936081,0.00050863904,3.7191998e-05,7.4722432e-07,9.1916782e-06,2.599507e-05,9.6171018e-06,3.831981e-05,9.4879603e-06
20170729-091846-2.jpg,4,4,3.7944935e-05,1.2915252e-05,3.1798927e-05,8.4693842e-06,0.999001,1.3378228e-06,5.3832333e-06,7.7672432e-06,0.00089337878
20171121-083821-1.jpg,6,6,1.2677631e-05,5.9804029e-05,3.2445165e-06,2.8342917e-06,3.7822766e-06,4.208298e-06,0.99985932,2.9879087e-05,2.4253655e-05
20180109-085434-2.jpg,8,8,0.0002832596,0.00049145854,6.339508e-05,0.0012430484,0.00081619221,6.6281177e-05,0.00013599508,0.0007721025,0.99612827
20170630-151331-0.jpg,7,7,0.0080180347,0.018217669,0.00089123434,0.00030601596,0.0002660778,0.00020991405,0.0070386717,0.95635305,0.008699337
20170728-124626-2.jpg,4,4,2.8115449e-06,5.9390363e-06,9.8565721e-06,1.0988629e-06,0.99983,3.9615854e-06,1.3350835e-06,1.6603369e-06,0.000143341
20171121-084655-1.jpg,6,6,1.2782182e-05,6.026305e-05,1.944412e-06,3.8218939e-06,5.1250456e-06,3.861888e-06,0.99985265,5.4501523e-05,5.0492922e-06
20180109-095457-1.jpg,8,8,0.00015374755,6.2943593e-05,4.1422727e-05,0.00032653163,4.4052503e-05,9.3841469e-05,9.5281129e-05,0.0019221108,0.99726007
20171220-084112-3.jpg,8,8,8.4169241e-06,1.2936419e-05,1.5206575e-06,3.3541711e-06,3.6475624e-06,1.9577267e-05,1.5536146e-06,2.0517478e-05,0.99992848
20171203-174521-3.jpg,8,8,9.9739891e-05,0.0047879676,3.6895235e-06,3.9615863e-05,2.2296805e-06,0.00029471298,1.2783328e-05,0.00015165624,0.9946076
20171220-101235-2.jpg,8,8,0.0010639232,0.015328305,1.2630063e-05,0.00014277285,3.3560354e-05,0.00023054248,0.00022274871,0.00085082133,0.9821147
20170920-183814-1.jpg,2,2,1.5628138e-06,2.8846267e-06,0.99984199,1.9162558e-05,7.2011596e-05,5.6354792e-06,7.6610822e-06,2.0019808e-06,4.7091736e-05
20180109-090005-2.jpg,8,8,0.0006497252,0.00030040285,0.00016653581,0.0034099969,0.00031854589,0.00022840971,0.00016076846,0.0066762156,0.9880894
20170729-092537-2.jpg,4,4,5.9478186e-05,8.4805979e-06,3.634589e-06,2.0349441e-06,0.99936705,7.389273e-07,3.2236077e-06,3.155279e-06,0.00055219906
20180109-104602-1.jpg,8,8,1.4775406e-05,1.0338837e-05,0.00055512875,1.3182542e-05,0.00064207016,9.5969061e-06,3.8751696e-05,0.00014440151,0.99857175
20180109-074051-1.jpg,8,8,8.1323061e-06,7.2348439e-05,3.7332292e-05,1.7283497e-05,2.07038e-05,2.5501199e-05,0.0014798485,0.00095431241,0.99738454
20170811-125711-1.jpg,0,0,0.99996129,1.9429414e-06,4.9773559e-06,3.1755727e-07,2.2320779e-06,1.4112736e-05,8.6268526e-07,1.1559582e-05,2.7077112e-06
20170128-101948-0.jpg,8,8,0.00015430363,8.6580304e-05,0.00018413298,0.00027036675,0.00013165136,1.5846187e-05,1.8140162e-05,0.0004944848,0.99864449
20171220-091206-2.jpg,8,8,0.00042165347,0.0037921317,1.2267096e-05,6.209392e-05,3.1811038e-05,0.00601801,0.0013618437,0.0006783168,0.98762187
20170217-102111-0.jpg,0,0,0.99339111,5.5977269e-05,4.4602472e-05,2.4114191e-05,4.5641519e-06,0.0039323014,4.1347992e-06,0.0023577812,0.00018541834
20180109-075608-2.jpg,8,8,0.00096654292,0.0001951589,0.00061419976,0.076637419,0.015058822,3.9395751e-05,0.0018093387,0.00047247704,0.90420665
20170920-140141-2.jpg,2,2,2.9596826e-06,2.3397903e-06,0.99976468,3.870994e-05,5.6901764e-05,1.8137337e-06,6.8408077e-06,9.8317522e-06,0.00011592434
20170906-101303-1.jpg,3,3,0.0094022832,0.0007498499,0.00039038831,0.98072104,0.0043288443,0.00074844695,9.8978909e-05,0.00072841822,0.0028317514
20170718-132034-2.jpg,7,7,0.00022625715,0.00012770338,1.5035438e-05,2.4135755e-05,7.8913728e-06,9.8158606e-06,7.3829875e-06,0.99953806,4.3716383e-05
20180322-114418-1.jpg,8,8,1.8754274e-06,1.2383476e-05,4.3304252e-06,2.0607386e-06,3.7861789e-06,5.1087648e-05,3.9032531e-06,9.0752196e-06,0.9999115
20171220-092422-2.jpg,8,8,0.001796587,8.6364522e-05,1.6769391e-05,0.00021336627,1.7164386e-05,0.00057980445,3.4242526e-05,0.00035058793,0.99690511
20180125-093318-2.jpg,8,8,4.6740092e-07,0.00010236571,4.9183907e-07,6.1839035e-07,1.5898692e-06,8.4194398e-06,5.5171329e-06,6.4189705e-06,0.99987411
20180105-102009-2.jpg,8,8,5.2815249e-05,5.207611e-05,0.0005457919,4.2470693e-05,0.00026054905,4.3696109e-05,0.0061580856,0.00072649416,0.99211802
20171025-100236-2.jpg,3,3,0.00056618218,9.7271572e-05,0.00020854429,0.99624986,0.00020030765,0.0012539303,2.1145615e-05,8.8864072e-05,0.0013138967
20171218-103005-2.jpg,8,8,0.00025669562,0.00024739129,1.3488041e-05,2.723267e-06,1.1655468e-05,0.00012150273,8.1168753e-06,0.0008222068,0.99851622
20171218-122252-3.jpg,8,8,1.835667e-05,4.7502255e-05,2.4069707e-06,3.1403086e-06,1.283045e-06,9.3004052e-05,8.0310197e-05,1.5702111e-05,0.99973829
20170913-104940-2.jpg,3,3,0.00010556507,4.2193608e-05,5.0351072e-06,0.99926412,1.6186527e-05,0.00053912155,2.4230805e-06,3.9490985e-06,2.1408436e-05
20170727-164003-3.jpg,4,4,0.00055044598,0.00011581077,3.2257947e-05,0.00041552778,0.95239731,8.1203567e-06,5.671932e-05,0.00021566462,0.046208145
20170920-192733-1.jpg,2,2,8.6921029e-06,1.986677e-05,0.99934407,9.815228e-05,0.00026829413,6.4356491e-06,6.9305254e-06,1.6376214e-05,0.00023118284
20170728-124730-2.jpg,4,4,1.7034398e-06,4.1982108e-06,1.497944e-05,4.0666166e-05,0.99979655,5.0612394e-06,2.7016579e-06,1.1614893e-06,0.00013297662
20180322-103006-1.jpg,8,8,2.7482648e-06,2.8491982e-05,5.8626941e-06,8.6863984e-06,5.2368541e-05,1.8036449e-05,2.608821e-06,9.0612564e-06,0.99987214
20180109-070728-2.jpg,8,8,0.011124896,0.36732869,0.00088713293,0.00042497086,0.032228171,6.9925862e-05,0.015923487,0.012164061,0.55984866
20171212-094702-1.jpg,8,8,8.9337419e-06,3.0278382e-05,1.4125463e-07,1.1960703e-05,2.8603797e-07,6.9088435e-06,1.4138294e-06,5.7436477e-06,0.99993433
20171025-091815-2.jpg,3,3,0.00050763388,6.1872932e-05,5.3741514e-05,0.99828992,0.00013941955,0.00040393332,2.436608e-05,4.4091237e-05,0.00047502554
20170811-110920-1.jpg,0,0,0.99801934,0.0001838434,3.8981142e-06,1.2331219e-06,7.9296979e-06,3.7054832e-06,1.3809989e-06,0.001702289,7.6381609e-05
20180119-111654-2.jpg,8,8,0.00016017379,0.00032990239,2.4109694e-06,1.6683773e-05,1.5774789e-06,6.5739013e-05,3.1971328e-05,0.00012172878,0.99926981
20180109-070209-2.jpg,8,8,0.00029519062,0.0025322469,0.00011206126,0.00017368861,0.00057837713,0.00022694679,0.0046396467,0.00048948353,0.99095236
20180109-090634-2.jpg,8,8,0.00032299573,0.00015705396,2.5271577e-05,0.0056018354,6.4651956e-05,0.00025926402,0.00016225744,0.0013252861,0.99208138
20180112-074748-2.jpg,8,8,0.0076193251,0.00078996498,0.007291644,0.0021123537,0.0021145518,0.0011527089,4.5488498e-05,0.0017221554,0.97715181
20171025-095337-2.jpg,3,3,0.00065383272,5.2917773e-05,0.00016748399,0.99757172,0.00023234015,0.0006148983,1.7079286e-05,8.9902422e-05,0.0005998302
20170920-113017-3.jpg,2,2,1.2584619e-06,2.9974989e-06,0.99990684,1.3952105e-05,3.6103768e-05,2.2048958e-06,1.8201715e-06,3.8579077e-06,3.0969464e-05
20170714-142557-3.jpg,1,1,1.3587073e-05,0.99993358,2.5676214e-06,1.2311462e-06,6.6295127e-06,9.0973601e-07,3.6704921e-06,2.7850498e-05,9.9725012e-06
20180112-102550-1.jpg,8,8,7.4261198e-05,0.00041126555,5.9575692e-05,8.3810801e-06,3.3842693e-05,0.0003125277,0.00081003528,0.00024713491,0.99804298
20171220-100651-2.jpg,8,8,1.6101069e-05,0.0010733187,6.4036687e-07,1.0051875e-05,2.2255677e-06,0.00014999829,2.5592059e-05,1.6094552e-05,0.99870598
20171220-092648-3.jpg,8,8,0.0015314913,0.00067576434,4.2595825e-07,0.00083695414,1.1208815e-06,0.00017228808,8.4717506e-05,0.00041870491,0.99627853
20170128-102701-0.jpg,8,8,0.0033126436,0.0043089995,1.4726589e-05,0.030122746,1.4166351e-05,2.1748247e-05,8.506278e-05,0.0012482727,0.96087163
20180322-121026-2.jpg,8,8,1.3617297e-06,6.1939384e-05,3.972981e-07,1.3998939e-06,6.3746818e-07,9.6693521e-06,8.769324e-06,1.468414e-05,0.99990114
20170501-143307-0.jpg,1,1,0.00089014315,0.9976583,4.2753341e-05,3.2098765e-06,3.2912326e-05,1.3259601e-05,0.00012895266,0.0010021,0.00022837349
20171219-113945-2.jpg,8,8,7.0783647e-05,0.00030309005,0.00010335748,4.046652e-05,3.0522189e-05,2.4663516e-05,0.00017463644,0.00014460845,0.99910787
20171113-134913-3.jpg,6,6,9.1566699e-06,7.1852951e-06,1.1360359e-06,3.2241723e-05,2.5193886e-06,3.0297353e-06,0.99599361,8.511831e-05,0.0038660014
20171220-082336-2.jpg,8,8,6.0311239e-05,9.7577762e-06,3.7566519e-07,1.9396914e-05,6.2184546e-07,1.4499675e-05,8.6236577e-07,8.996794e-05,0.99980421
20170727-144459-1.jpg,4,4,8.4665933e-05,5.5870197e-05,0.00012884923,2.3252068e-05,0.99369355,0.00037504007,4.2915422e-05,4.1933872e-05,0.0055539252
20171025-090250-2.jpg,3,3,0.0022996961,0.00011034085,0.00041950592,0.99403964,0.001691589,0.00023783081,1.4191594e-05,0.00017962667,0.0010075836
20171203-174215-3.jpg,8,8,0.001642561,0.0028281661,7.0508053e-06,0.00050895978,7.7262521e-06,0.00016688031,0.00016299994,0.0025363735,0.99213928
20171113-144129-2.jpg,6,6,2.2727303e-05,5.5018829e-05,3.2327081e-06,9.3208374e-06,3.2694369e-06,3.4004269e-06,0.99982775,5.4261248e-05,2.1022771e-05
20171219-105403-2.jpg,8,8,1.1953566e-05,3.6224217e-05,3.9591546e-06,4.0260467e-05,1.0186316e-05,1.0329328e-05,2.2528692e-06,1.6423075e-05,0.99986841
20180322-115355-1.jpg,8,8,2.8226396e-06,1.2004276e-05,5.864618e-06,1.331458e-06,1.740479e-06,2.493123e-05,4.5172465e-06,1.2267596e-05,0.99993452
20171113-120526-2.jpg,6,6,8.5318409e-06,3.7058663e-05,2.3690945e-06,2.6573313e-06,2.7870956e-06,5.2156282e-06,0.99987816,5.2103067e-05,1.1116575e-05
20170217-114728-0.jpg,0,0,0.999882,1.1075634e-06,8.9005658e-06,1.1855658e-06,1.2245354e-06,3.6862527e-05,1.1472667e-06,5.6328129e-05,1.1247952e-05
20171219-114445-3.jpg,8,8,0.00064694626,0.0043057374,0.065188109,0.0020704634,0.020712062,4.3710191e-05,0.00023245956,0.0016969108,0.9051036
20180109-102846-1.jpg,8,8,1.918807e-05,3.1010062e-05,5.2270518e-05,8.2848274e-06,4.6261124e-05,1.0943952e-05,6.6591508e-05,8.0412414e-05,0.99968504
20180112-103435-2.jpg,8,8,0.00049707181,0.00032996577,0.00019165312,0.0010841483,0.00021302154,0.00017390994,0.0004657379,0.0032051096,0.99383938
20171113-143231-2.jpg,6,6,2.2210321e-05,7.0166913e-05,8.9473922e-06,4.6238774e-06,5.1901227e-06,5.0734542e-06,0.99955794,0.00031930103,6.5423918e-06
20170906-114354-1.jpg,3,3,0.00014508835,7.0154325e-06,3.6400423e-06,0.99880117,1.0744897e-05,1.8766673e-06,5.1134788e-06,0.00021481394,0.0008105342
20171212-095827-3.jpg,8,8,4.180034e-06,1.585034e-05,3.0949819e-07,4.2693184e-06,1.2395464e-06,8.4748576e-06,7.7520628e-06,7.1900122e-06,0.99995073
20171203-165027-3.jpg,8,8,2.4207891e-05,0.00071443362,1.2318072e-05,0.00012907378,6.5045517e-05,5.2894494e-05,8.8622263e-05,3.8770293e-05,0.99887463
20171220-091422-3.jpg,8,8,0.012501312,0.010428781,6.0984703e-05,0.0058944698,3.7048246e-05,0.0029674366,0.00079654771,0.0058868349,0.96142658
20170729-085848-2.jpg,4,4,4.7855689e-05,3.8998856e-05,0.00134092,6.8340484e-05,0.99069764,2.1354817e-06,6.4687024e-05,0.0001410207,0.007598404
20171109-091503-1.jpg,5,5,0.0002576829,0.00010859967,3.4970684e-05,1.4094247e-05,2.2463377e-05,0.99915762,6.7806174e-05,4.536219e-05,0.00029140088
20180109-095145-2.jpg,8,8,1.6902759e-06,9.4230236e-06,7.417526e-06,1.5500602e-06,2.5808519e-05,4.9018231e-06,8.5460962e-06,2.1286511e-05,0.99991938
20171220-091002-2.jpg,8,8,0.00051853921,3.8974903e-05,6.6986647e-06,8.9417688e-05,7.2439862e-06,0.0017228466,2.2846782e-05,5.719168e-05,0.99753624
20180109-105051-1.jpg,8,8,4.2168827e-06,2.3708458e-05,8.0699205e-05,5.5369114e-06,3.5470353e-05,9.8534913e-06,9.1877044e-06,9.1413641e-05,0.99973991
20170714-111357-1.jpg,1,1,0.00015870408,0.99530798,5.3207165e-06,3.3215222e-06,1.3643799e-05,5.1481238e-06,3.3914352e-06,0.00030547247,0.0041970192
20180125-093331-2.jpg,8,8,4.6917183e-07,2.5629002e-05,1.3655722e-06,1.3435205e-06,7.8017036e-06,1.366445e-05,5.3986427e-06,4.5513569e-06,0.99993978
20180322-105411-1.jpg,8,8,3.3236242e-05,4.908698e-05,8.9730257e-06,4.3792196e-06,2.058308e-05,1.2903547e-05,1.2772879e-06,4.6907358e-05,0.99982265
20180125-131900-3.jpg,8,8,0.00012801587,0.0041159083,2.5289695e-05,2.3203589e-05,3.8948953e-05,1.9972046e-05,8.3015882e-05,0.0082072093,0.98735844
20171113-061420-1.jpg,6,6,2.5697899e-06,3.1287794e-05,7.602973e-07,7.4700911e-06,4.6657419e-06,1.9541274e-06,0.99963062,1.3299122e-05,0.00030737073
20180112-083705-1.jpg,8,8,7.3829025e-05,0.0001414992,1.5182684e-05,8.6764065e-06,1.6333439e-05,4.7832789e-05,0.00026113451,0.0007989807,0.99863653
20180109-085829-1.jpg,8,8,6.1224451e-05,0.00012512524,5.7607483e-06,3.6062859e-06,2.0814991e-06,9.2867943e-05,2.4158748e-05,0.00057150116,0.99911367
20180322-133832-1.jpg,8,8,6.4093785e-05,0.00045159233,7.4778333e-05,0.00017941031,0.00069466725,2.1323949e-05,2.7447707e-05,0.00020591418,0.99828077
20170811-103503-2.jpg,0,7,0.47049221,0.031100517,0.00016880842,3.7826883e-05,0.00037011457,0.00023304908,3.9395774e-05,0.49134526,0.0062128232
20171113-142008-2.jpg,6,6,6.7403037e-06,0.00010486251,6.7892851e-06,3.6298488e-06,1.5236461e-05,3.4276563e-06,0.99916516,0.00016791119,0.00052624206
20170129-104031-0.jpg,8,8,0.00024346289,0.001460992,3.9593112e-05,0.00035279256,0.00015100678,0.00039770237,8.7395548e-05,0.0010909535,0.9961761
20170127-101528-0.jpg,1,1,6.542663e-06,0.99981313,7.1294353e-07,6.0864178e-07,1.616216e-06,6.1132651e-07,2.8073167e-05,0.00013492717,1.3773416e-05
20170729-154105-3.jpg,4,4,0.00016501113,0.00026356008,6.9090946e-05,0.00067521814,0.97286018,4.3779403e-05,6.2412259e-05,9.7232417e-05,0.025763519
20180125-093851-2.jpg,8,8,9.3789021e-07,4.2921929e-05,4.9175392e-07,3.5082113e-07,1.4117045e-06,4.0575406e-06,7.9684074e-06,1.5014856e-05,0.99992685
20170727-113629-1.jpg,4,4,1.3697321e-05,1.2175486e-05,8.5103229e-05,1.9987827e-05,0.99892803,1.8404398e-05,1.3309384e-05,7.0399905e-06,0.00090224988
20170501-144408-0.jpg,1,1,5.9764741e-05,0.99927701,9.5379207e-06,1.5429158e-06,8.4392664e-06,4.1665094e-06,0.00012043272,0.00016842428,0.0003506825
20161207-111609-0.jpg,0,0,0.9996945,0.00013378915,5.3518786e-06,1.4562534e-06,3.7137884e-06,4.5080475e-05,1.6911957e-06,8.5452298e-05,2.8969351e-05
20171113-123457-3.jpg,6,6,2.8413996e-06,5.5675303e-05,2.9579992e-06,2.0542157e-06,2.7315487e-06,1.3548806e-06,0.99984523,7.7323439e-05,9.8289336e-06
20180119-112904-2.jpg,8,8,2.0463468e-05,7.0339232e-05,1.3270977e-05,1.4637379e-06,1.243388e-05,1.445641e-05,1.8423216e-05,2.6031452e-05,0.99982312
20171025-092022-2.jpg,3,3,0.0013557163,7.6958004e-05,0.00022417101,0.99509345,0.00020632846,0.00049986071,2.6477087e-05,0.00040375814,0.0021132838
20180112-094723-1.jpg,8,8,0.00016942027,0.00020596685,3.5298499e-05,3.139927e-05,9.4380199e-06,6.0531295e-05,0.00042580589,0.0034573088,0.99560483
20171220-091912-2.jpg,8,8,0.00018504688,5.0813078e-05,9.1733439e-06,5.4484689e-05,2.5152915e-06,0.013372033,4.3204616e-05,8.8385139e-05,0.98619434
20171109-094205-3.jpg,5,5,0.00043173522,1.9862863e-05,0.0001274528,1.5385149e-05,5.7638308e-05,0.99904848,0.00014362604,0.0001370664,1.8751732e-05
20171220-094629-1.jpg,8,8,7.1765271e-06,5.6342207e-06,4.3703735e-07,6.2012078e-06,7.6130993e-07,5.6827954e-05,7.7325538e-06,8.580572e-06,0.99990665
20170920-130628-2.jpg,2,2,2.4807547e-06,7.7180102e-06,0.99989347,1.0770881e-05,3.9987874e-05,1.1450848e-05,6.0274823e-06,3.0745586e-06,2.501656e-05
20171025-093428-3.jpg,3,3,0.0054843146,0.0001408586,0.00029493535,0.99191745,0.00041311945,0.00045560686,2.0429598e-05,0.00050258984,0.00077069775
20170729-090036-1.jpg,4,4,6.0641088e-05,8.6760028e-05,4.6886681e-05,3.5672273e-05,0.99237438,2.9111897e-06,3.0580315e-05,6.8805158e-05,0.0072933628
20180112-075910-2.jpg,8,8,0.011003753,0.00043150987,0.0011337034,0.00056305875,0.00024490608,0.0001191415,7.4879221e-05,0.064113373,0.92231568
20171205-141306-2.jpg,8,8,3.3691279e-05,0.00010549986,8.3127247e-07,1.8102829e-06,1.0797324e-06,0.00014190269,0.00011312059,7.2873651e-06,0.99959478
20170210-150245-0.jpg,0,0,0.99850769,3.2751191e-06,3.0899425e-05,2.5329576e-06,8.8225714e-06,0.0010945296,6.5667659e-06,4.7871617e-05,0.00029781622
20170920-190354-1.jpg,2,2,2.0485592e-06,2.5435242e-06,0.99981772,3.621958e-06,0.00010780915,3.4015359e-06,2.2841465e-06,3.0612481e-06,5.7513935e-05
20180125-134659-3.jpg,8,8,1.49155e-06,2.4120891e-05,3.7010337e-07,2.1920331e-06,3.4053455e-06,1.1235196e-06,2.8219059e-06,3.5242344e-05,0.99992923
20171219-113420-2.jpg,8,8,0.00043019029,8.2131728e-05,2.0051897e-05,0.0002200528,6.234138e-05,7.9152758e-05,0.00083649783,0.00059182756,0.99767775
20180109-090433-2.jpg,8,8,0.0019531242,0.00010951514,1.9062965e-05,0.012294681,1.8574965e-05,4.5801141e-05,0.00031075139,0.062194054,0.92305443
20180119-110246-1.jpg,8,8,1.1873363e-05,0.00025099993,2.1110866e-06,5.1690319e-06,3.9115539e-06,1.3731941e-05,0.00017611292,6.1320982e-05,0.99947477
20170718-132000-2.jpg,0,0,0.99422245,0.00037429409,8.5293215e-05,0.0007639572,0.00053614935,0.00011253589,1.7905517e-05,0.0026752187,0.0012122006
20180125-095833-2.jpg,8,8,0.00011807373,9.0517006e-05,2.0726559e-05,8.3874935e-05,0.00056440322,0.00013752573,0.00013953905,4.6713278e-05,0.99879863
20171212-100832-1.jpg,8,8,0.00041105368,6.8747824e-05,1.5417582e-06,0.0013975726,4.0890434e-06,8.2147066e-05,3.5303926e-06,0.0011033941,0.99692792
20180105-104242-1.jpg,8,8,6.2966907e-05,0.0018189995,1.7308382e-05,5.3394135e-05,4.3263e-05,7.4038759e-05,0.023866152,0.0006209659,0.97344291
20180322-125629-1.jpg,8,8,3.3549193e-06,6.870328e-05,9.6249454e-06,3.9608949e-06,1.3863525e-05,2.9788187e-05,2.512877e-06,1.2553633e-05,0.99985564
20171220-092853-2.jpg,8,8,2.5246388e-05,2.7058482e-05,4.5029006e-06,2.4271757e-06,1.4987524e-06,0.00020613,0.00019468538,0.00010151868,0.99943693
20171218-110743-3.jpg,8,8,6.1066759e-05,4.3439669e-05,1.4510352e-05,3.9083656e-06,2.9801631e-06,0.00013430422,4.0301688e-06,4.9633483e-05,0.99968613
20170920-112347-3.jpg,2,2,4.7849062e-07,1.0178759e-06,0.99997813,2.147833e-06,1.3068795e-05,1.0478489e-06,6.7560018e-07,6.2118651e-07,2.8111178e-06
20170217-102058-0.jpg,0,0,0.99906122,5.1829421e-06,4.2124174e-05,4.3171873e-06,3.514141e-06,0.00019929747,4.188254e-06,0.00063720991,4.2945104e-05
20170217-114614-0.jpg,7,7,0.00013388322,5.6211785e-06,1.7873943e-05,1.3831339e-06,6.5656561e-07,1.007398e-05,2.8896783e-06,0.99982311,4.5082805e-06
20171121-084446-1.jpg,6,6,5.0468701e-05,0.0010928206,7.0432172e-06,1.1666603e-05,2.0347704e-05,4.2925965e-06,0.99828596,0.00048649123,4.0913226e-05
20180112-071458-2.jpg,8,8,0.00041718828,0.00023793848,0.0026225495,0.00096693226,0.011589538,2.872628e-05,0.00013360227,0.00072067003,0.98328285
20170906-104727-1.jpg,3,3,0.032205529,0.00566977,0.0020007383,0.52719262,0.34048414,0.00087183565,0.00082873892,0.0083012737,0.082445354
20171219-101807-3.jpg,8,8,9.7454972e-06,1.3326735e-05,1.3000462e-06,1.1836072e-06,8.1848521e-07,2.8277983e-05,8.1773511e-06,1.3424325e-05,0.99992375
20170627-103832-0.jpg,0,0,0.9994559,7.3774437e-06,1.7634259e-05,1.1490277e-06,5.3482203e-06,5.7261056e-05,1.6451982e-06,0.00035303775,0.00010064985
20180322-104232-2.jpg,8,8,1.4405235e-05,4.6704638e-05,3.2703727e-06,5.748109e-06,2.068557e-05,1.5902769e-05,4.464318e-06,4.8377216e-05,0.99984044
20171113-162247-0.jpg,6,6,1.6062121e-05,0.0013505498,4.8279779e-06,3.3921633e-06,5.3935458e-06,3.3631215e-06,0.9984792,0.00012954626,7.6656735e-06
20171102-120206-1.jpg,2,2,1.8707384e-06,3.6535626e-06,0.99993565,8.8499434e-07,1.5865448e-05,3.0250628e-06,1.4026406e-06,2.1286806e-06,3.5518694e-05
20170920-162359-3.jpg,2,2,1.1231807e-06,4.9815148e-06,0.99993297,8.8633417e-06,2.3816077e-05,3.985999e-06,1.144974e-06,8.691129e-07,2.2241687e-05
20180109-090148-2.jpg,8,8,0.00010039573,0.00049838964,9.7009336e-06,0.001545306,4.1379864e-05,5.3675489e-05,7.6719528e-05,0.00044667666,0.99722776
20170304-131504-0.jpg,7,7,0.00028942531,0.024066596,0.00014441761,1.741548e-05,2.6967068e-05,1.0871215e-05,7.1167115e-05,0.97523363,0.00013951091
20180322-103015-1.jpg,8,8,1.2041395e-05,3.0260539e-05,7.8108419e-06,1.63461e-05,7.4769165e-05,2.2360311e-05,7.0094285e-06,4.0760443e-05,0.99978864
20180109-091548-2.jpg,8,8,0.39380852,0.00037131877,0.00025950292,0.00073694789,0.00090029756,0.006802166,0.0033799071,0.017474142,0.5762672
20170727-155224-1.jpg,8,4,5.5873198e-05,3.297254e-05,0.00024057534,2.5064345e-05,0.98794295,6.4141708e-05,2.277311e-05,2.3156099e-05,0.011592494
20171109-090345-1.jpg,5,5,9.2471674e-05,3.5286372e-05,2.4169947e-05,3.0826623e-05,1.9381882e-05,0.99963678,3.9619128e-05,3.9015101e-05,8.2452217e-05
20180125-100520-1.jpg,8,8,1.341076e-06,5.8652807e-06,1.2636735e-06,1.7819138e-06,6.2033871e-05,2.2125627e-05,7.6906026e-06,4.5969499e-06,0.9998933
20180125-130025-3.jpg,8,8,2.2832137e-06,0.00028805847,6.1857453e-07,1.002291e-06,4.1964002e-06,1.6328224e-06,2.1726727e-06,4.514539e-05,0.99965489
20180109-095047-1.jpg,8,8,4.5107161e-05,5.4356988e-05,2.0361346e-05,8.1030656e-05,2.306026e-05,2.3602066e-05,3.5771823e-05,0.0014380955,0.99827861
20170210-131107-0.jpg,7,7,0.00036003281,7.1222266e-06,2.2787168e-05,3.0426976e-06,9.517292e-07,1.7304697e-05,0.0001317518,0.99942834,2.8668453e-05
20180322-113006-1.jpg,8,8,6.216556e-07,6.9131904e-06,5.5205351e-06,4.4419843e-06,2.1385374e-05,7.7823797e-06,1.6239126e-06,2.8525693e-06,0.99994886
20170217-151558-0.jpg,0,0,0.99267531,6.2495339e-06,4.6549398e-05,6.2150609e-06,2.4563457e-06,3.6176966e-05,2.8383228e-06,0.0072009788,2.3229841e-05
20170501-145105-0.jpg,8,8,0.0014811874,0.0073834881,0.00021664937,0.0016172237,6.01036e-05,0.0077227398,0.00026705306,0.0069184782,0.97433308
20170410-153521-0.jpg,7,7,0.00018610635,5.4733213e-05,3.5525604e-05,1.6466455e-06,1.6905418e-06,1.4929941e-05,8.5749776e-06,0.99969293,3.867324e-06
20170714-142207-2.jpg,1,1,0.00056658881,0.99924432,1.569052e-06,3.0899859e-06,1.0911537e-05,4.1148883e-06,1.544917e-06,0.00011760207,5.0263534e-05
20170706-110442-0.jpg,7,7,0.0003087381,9.822603e-05,9.2363461e-06,1.4409603e-05,2.0133982e-06,2.2018641e-05,0.00015153924,0.99927798,0.00011584267
20170727-113637-3.jpg,4,4,3.1410607e-05,3.4392593e-05,0.00051502643,3.3246093e-05,0.99790369,0.00033945261,6.7905604e-05,2.1212539e-05,0.0010536628
20180119-110902-2.jpg,8,8,1.1933081e-05,9.8585061e-05,2.6240718e-07,1.8929541e-06,7.9728698e-07,3.3776592e-05,6.8335282e-06,9.3529796e-07,0.99984498
20171102-122027-1.jpg,2,2,9.6147259e-06,1.8752421e-05,0.99968625,5.0586397e-06,2.5263446e-05,1.3803646e-05,4.4420408e-06,5.0459992e-05,0.00018635629
20180112-072609-1.jpg,8,8,2.6125998e-05,6.5587337e-05,6.1794707e-06,3.931908e-05,2.0982477e-05,6.4801041e-06,6.1941156e-05,0.00015483514,0.99961855
20170217-095604-0.jpg,7,7,9.778531e-05,4.4023073e-06,2.2988443e-05,1.0259803e-06,5.8172915e-07,1.2824072e-05,1.1938605e-05,0.99984438,4.0693163e-06
20180112-103511-2.jpg,8,8,0.00077575822,0.0013685741,0.00092283088,0.0072147313,0.0016210066,0.00040158142,0.0011218752,0.0048189805,0.98175466
20170920-133501-2.jpg,2,2,0.00029087432,9.0721169e-05,0.99640491,0.00084614308,0.00013182674,0.001966432,6.3096858e-06,0.00010493811,0.00015784562
20180112-072247-2.jpg,8,8,0.0092023014,0.0039145797,0.0011750813,8.0213536e-05,0.0061489611,0.00038243721,0.00031366412,0.026679926,0.95210284
20171113-121115-1.jpg,6,6,7.0408746e-05,8.9759166e-05,5.4552889e-06,9.2208711e-06,2.7882809e-05,1.6347474e-05,0.99334264,0.0015692317,0.0048690502
20180119-110317-2.jpg,8,8,3.6884007e-05,0.00018041723,8.4920929e-06,7.4252489e-06,6.692275e-06,1.1435528e-05,1.7369936e-05,0.00012358162,0.9996077
20180105-102443-1.jpg,8,8,2.2354599e-05,1.9963373e-05,9.598864e-05,9.7100382e-06,3.9146822e-05,1.4456912e-05,0.00082935536,0.00040433362,0.99856469
20170304-130721-0.jpg,7,7,0.0048527774,2.3270651e-05,4.2966531e-05,1.494712e-05,7.7352118e-06,7.036398e-05,2.2728506e-05,0.99471002,0.00025518575
20171212-103958-3.jpg,8,8,3.9147065e-05,0.00071975575,1.4138059e-05,3.4308279e-06,5.6740622e-06,4.6563018e-05,2.537214e-05,0.00025741399,0.99888851
20180119-105340-2.jpg,8,8,1.9324017e-05,0.00039753996,4.0513446e-06,1.7136372e-06,2.7350778e-05,3.7708719e-06,2.2064832e-05,4.1529335e-05,0.99948266
20180322-112902-2.jpg,8,8,4.0010664e-06,2.5653791e-05,9.410946e-07,1.0282852e-06,4.8303902e-06,1.0005117e-05,2.5221558e-06,8.0864599e-06,0.99994293
20170913-104008-1.jpg,3,3,0.00011031897,0.00025893538,3.0139316e-05,0.99743433,0.00039051167,0.00080680324,2.1280611e-05,4.0867439e-05,0.00090681028
20170718-131820-2.jpg,7,7,0.0005353491,0.00038853552,3.1841124e-05,0.00013366818,5.6968261e-05,1.1064942e-05,1.6047014e-05,0.99841969,0.00040683198
20170906-115034-1.jpg,3,3,0.12618289,0.00097984611,0.0054078736,0.80756648,0.011591164,0.00047204815,0.00021061761,0.013168302,0.03442078
20171220-100224-2.jpg,8,8,6.5022895e-05,5.8039529e-06,7.8461996e-07,7.8593766e-06,1.3595534e-06,0.00013583538,4.3228257e-06,8.1396288e-06,0.99977087
20180322-103233-1.jpg,8,8,5.111081e-05,3.6881927e-05,1.8694331e-06,7.2606698e-06,2.0986211e-05,1.1014645e-05,1.2976616e-06,9.3457033e-05,0.99977612
20180105-091553-2.jpg,8,8,3.0059601e-06,1.0760521e-05,5.7689601e-06,1.85452e-06,3.7804396e-05,5.2854823e-06,0.00024444829,2.6029702e-05,0.99966504
20170304-131421-0.jpg,7,7,0.001145579,0.20941528,0.00013590567,6.6352695e-05,0.00011188809,3.638782e-05,6.027351e-05,0.7886448,0.00038352775
20171121-072911-1.jpg,6,6,3.0422374e-05,0.012956724,1.0347092e-05,1.3810828e-05,2.5155914e-05,8.1668554e-06,0.9864097,0.00021809838,0.00032757843
20171220-095959-2.jpg,8,8,0.000284445,0.0013256327,1.0024134e-05,3.3042271e-05,2.8153804e-06,6.4777216e-05,3.059597e-05,5.8658931e-05,0.99819001
20170906-113231-4.jpg,3,3,0.017454268,0.00023876232,0.00076854347,0.97190711,0.00084193937,0.0002595837,8.1600406e-05,0.0029454273,0.0055027635
20170126-095436-0.jpg,1,1,0.00010710563,0.99760559,3.0794018e-06,7.4606334e-06,1.092632e-05,1.9696396e-06,5.9961658e-06,0.0020554009,0.0002024724
20180109-105713-2.jpg,8,8,0.0001248878,0.00023111992,0.00055791151,0.0010459938,0.00013795572,9.4896811e-05,4.0679579e-05,0.001702163,0.99606439
20170630-151508-0.jpg,7,7,0.0002177691,4.32518e-05,2.6943298e-05,1.6528399e-05,5.447694e-06,5.4444725e-06,1.9143992e-05,0.99946306,0.00020240854
20170913-120255-1.jpg,5,5,0.013097034,0.00083358472,0.0001244649,0.02646934,0.00010188219,0.95208526,4.5739919e-05,0.00022721724,0.0070154728
20180112-070815-2.jpg,8,8,9.2094246e-05,0.00064048964,0.0012780828,0.00020271714,0.0014890361,0.00012342999,6.0604438e-05,0.00041519381,0.99569835
20171217-183516-2.jpg,8,8,0.0052463495,8.9445527e-05,7.2601771e-06,0.0012890022,2.5146854e-05,0.044203133,2.930708e-05,0.00018500084,0.94892536
20171220-095237-1.jpg,8,8,6.514996e-05,2.4396408e-05,1.5179711e-06,1.5496183e-05,7.4007603e-06,0.00025263942,1.0513658e-05,6.4231878e-05,0.99955865
20171122-101811-1.jpg,5,5,0.00016928919,6.7989662e-05,4.2627349e-05,1.2512187e-05,3.9451771e-05,0.99935619,0.00010955592,3.423009e-05,0.00016815649
20180322-120755-2.jpg,8,8,3.124207e-06,0.00010721239,7.6940906e-07,2.4095806e-06,1.2694802e-06,2.4000861e-05,4.7618915e-05,0.00013454827,0.99967905
20180105-093220-2.jpg,8,8,1.2714346e-05,3.3015213e-05,4.3617306e-05,2.4197039e-05,8.4577131e-05,9.2219526e-06,0.0016971346,0.00014512129,0.9979504
20171219-103149-3.jpg,8,8,0.00014698361,2.9776452e-05,6.4272056e-06,2.5199002e-06,1.8701947e-06,7.5676281e-05,2.291338e-06,7.5515578e-05,0.99965894
20170920-184751-1.jpg,2,2,2.476333e-05,3.3333174e-05,0.99858264,7.0870935e-06,0.0011647495,5.4381643e-05,4.610268e-06,3.2504194e-06,0.00012518413
20171220-090253-2.jpg,8,8,4.8071689e-06,3.2005032e-05,3.5952689e-07,1.6381081e-06,2.3446147e-07,5.0585364e-05,3.9976673e-06,3.8897314e-06,0.99990248
20180109-091516-2.jpg,8,8,0.00017072057,0.00025881233,2.7075845e-05,0.0019688672,9.2549311e-05,0.00036043901,0.0010012654,0.0010153845,0.99510489
20170920-134448-2.jpg,2,2,1.1754485e-06,1.2698292e-05,0.999819,1.0970464e-05,9.269869e-05,1.4687598e-05,2.7073333e-06,2.1887337e-06,4.3872666e-05
20170704-153924-0.jpg,0,7,0.33061107,0.0065303457,0.00072098498,0.0013009483,0.00049458757,0.0025053406,0.0029067684,0.65122199,0.0037079672
20180322-130146-1.jpg,8,8,1.9986265e-06,4.6811008e-05,9.6862207e-07,1.1892371e-06,3.6165499e-05,4.7047077e-06,1.2681847e-06,4.009591e-06,0.99990288
20180109-100036-1.jpg,8,8,0.00013865813,2.0408826e-06,2.1447546e-06,6.0786658e-05,1.7556687e-05,1.0478844e-05,1.410999e-05,3.9544231e-05,0.99971468
20180112-071308-2.jpg,8,8,0.00025382905,0.00015893381,3.8606737e-05,0.0011451401,9.9835429e-05,1.777369e-05,2.8229955e-05,0.00087921179,0.99737844
20180109-073038-2.jpg,8,8,1.408025e-05,4.9008905e-05,3.5250966e-05,5.0974699e-05,5.6709798e-05,1.178509e-05,0.00069715513,0.00017626378,0.99890877
20180112-094600-1.jpg,8,8,1.2304711e-05,3.6731736e-05,5.4982609e-06,2.3354828e-06,1.2059118e-05,4.482399e-05,4.733332e-05,7.6950536e-05,0.99976196
20170727-130335-3.jpg,4,4,4.359143e-05,3.0544819e-05,0.0012773146,0.00015319309,0.99767317,6.5541254e-05,3.2777053e-05,2.2571706e-05,0.00070129313
20170130-102228-0.jpg,1,1,0.00095599528,0.99717678,0.00013437094,1.4434526e-05,0.0011261001,0.00014617775,0.00012176667,0.00018909508,0.00013528362
20171218-120702-2.jpg,8,8,1.238192e-05,1.9850993e-05,3.655997e-06,5.8354617e-06,4.7417073e-06,0.00064046061,5.2926518e-05,2.6655456e-05,0.99923349
20180112-080505-1.jpg,8,8,0.00021711801,0.00077732941,2.6598335e-05,0.0007090493,0.00022817666,3.4825246e-05,0.0022313945,0.0031028336,0.99267267
20171218-120837-3.jpg,8,8,7.3097629e-05,0.00020897528,1.587267e-05,1.5719653e-05,1.0905778e-05,0.0015552672,0.00036384407,7.7168852e-05,0.99767915
20180119-113022-2.jpg,8,8,4.2011003e-05,6.8145177e-05,1.3921784e-06,6.1254477e-06,1.0557438e-05,9.6139283e-06,1.0251063e-05,3.56212e-05,0.99981628
20170715-120335-1.jpg,1,1,2.8076431e-05,0.99953922,1.7345358e-05,4.6251557e-06,3.2552931e-05,3.1812345e-06,4.3937622e-05,2.6335013e-05,0.00030472981
20170304-131443-0.jpg,7,7,0.00019238341,0.00018035819,5.1973244e-05,1.145835e-05,1.079582e-05,2.0718017e-05,0.0001672785,0.99921435,0.00015068925
20170501-144852-0.jpg,8,8,0.009094484,0.0026892109,0.00028104074,0.00092148377,6.2207092e-05,0.0014247913,0.00024451147,0.20884224,0.77644003
20171218-103315-2.jpg,8,8,2.4313687e-05,8.7754553e-05,1.194364e-06,6.1063424e-06,2.2142516e-06,8.8424422e-05,5.684761e-05,3.2909835e-05,0.99970023
20171220-100127-2.jpg,8,8,2.3426514e-05,5.3414395e-06,4.0600409e-07,4.5447608e-05,5.8236134e-07,6.2385009e-05,9.6310077e-06,2.4195076e-06,0.99985036
20170501-145700-0.jpg,8,6,0.037641654,0.013051687,0.00050989351,0.0010597404,0.00013451433,0.003282501,0.55169806,0.30226594,0.090356011
20180322-103313-1.jpg,8,8,1.8909255e-05,9.5745912e-05,6.0361838e-06,3.234229e-05,6.8429092e-05,1.0108985e-05,4.2689708e-06,3.7664133e-05,0.9997265
20171121-083431-1.jpg,6,6,1.8225888e-05,0.00049170743,4.8879313e-06,5.9922494e-06,1.1667581e-05,4.476769e-06,0.99938065,5.4943932e-05,2.7443296e-05
20180109-071013-2.jpg,8,8,6.2201943e-05,0.00041560056,0.00016413405,0.0004821205,0.00066936113,0.00012250138,0.0023162194,0.00017233698,0.99559552
20171205-124724-2.jpg,8,8,0.00081550729,0.00020238248,3.1147944e-05,6.8499859e-05,3.111948e-05,0.0071162304,8.7956856e-05,7.1240368e-05,0.99157592
20180125-094245-2.jpg,8,8,3.7990352e-05,3.1461887e-05,0.00014923224,1.4882499e-05,0.00024109075,3.8642724e-05,0.00011689532,0.00010578214,0.99926402
20171219-104556-3.jpg,8,8,3.1556423e-06,0.00025003798,1.2745354e-06,1.6592914e-06,1.5996239e-06,0.00012992243,3.2474464e-05,1.0310456e-05,0.99956957
20180109-085326-2.jpg,8,1,0.0052103995,0.61456967,0.00020376715,0.0011463751,0.0009636675,0.00023780078,0.0018877799,0.094686282,0.28109426
20170727-152935-1.jpg,4,4,4.5200388e-05,3.3618922e-05,3.8876997e-06,1.8052103e-05,0.9895159,3.100899e-06,9.7671001e-06,2.0139228e-05,0.010350331
20171220-084716-2.jpg,8,8,1.4551455e-05,6.9087485e-05,8.3317616e-07,1.6427755e-05,2.7425078e-06,0.00028056569,1.6106714e-05,6.7253278e-06,0.99959296
20171113-101750-1.jpg,5,5,0.00017822466,1.7751665e-05,6.2521974e-06,8.2745609e-06,6.0340803e-06,0.99802261,3.2044137e-06,2.3234787e-05,0.0017344154
20180322-103138-1.jpg,8,8,0.0013349319,0.0002690228,0.004113785,0.00076830957,0.0096767987,0.0015873148,0.00055976294,0.00070862451,0.98098145
20180109-091418-2.jpg,8,8,0.00025356063,0.0028046908,2.1522892e-05,0.0084466276,0.00046950837,0.00036916654,0.00051744285,0.0010018705,0.98611561
20171203-174106-3.jpg,8,8,0.00045344965,0.019251181,4.9399952e-06,8.0294663e-05,1.0832929e-05,0.00042123875,7.7997338e-05,0.00019197589,0.97950809
20180322-113656-2.jpg,8,8,1.0553758e-06,2.1797428e-05,6.9640304e-07,1.30088e-06,2.1741972e-06,1.2475153e-05,2.0946092e-06,5.2813487e-06,0.99995312
20180119-115103-2.jpg,8,8,5.6790757e-05,3.5288218e-05,1.8205179e-06,2.0990279e-06,5.108927e-07,1.9169186e-05,3.3356465e-06,2.7753155e-06,0.99987821
20171121-091048-3.jpg,6,6,5.6986126e-06,9.4770033e-05,2.9081409e-06,1.9172638e-06,4.0321947e-06,3.0068364e-06,0.99975134,0.00011774647,1.8577574e-05
20170728-152148-3.jpg,8,4,0.00036834299,0.00026227204,6.9039211e-05,0.023524956,0.85894477,9.5469253e-05,0.00012413337,0.00011544064,0.11649557
20171220-101348-2.jpg,8,8,9.7978022e-06,6.1935394e-05,7.6932941e-07,4.7556493e-06,3.9214816e-06,7.6119629e-05,6.6658714e-06,8.0854019e-06,0.99982795
20180109-080233-1.jpg,8,8,5.2480256e-06,6.4376725e-06,7.8660271e-07,3.052554e-07,1.1952401e-05,2.1457531e-06,6.3152274e-05,3.1232794e-05,0.99987874
20170727-164122-3.jpg,4,4,0.0024010659,0.001066935,8.1365416e-05,0.049307203,0.903852,0.00025335988,0.000159076,0.00057989374,0.042299097
20180119-111241-1.jpg,8,8,7.3205864e-05,0.0024795844,6.8761434e-06,6.6425758e-06,4.6264196e-06,9.4799126e-05,0.0017725346,0.00043113481,0.9951306
20171220-100614-2.jpg,8,8,8.9410127e-05,0.0003190726,3.4839087e-07,7.43177e-05,1.1482273e-06,3.669438e-05,2.3240211e-05,0.00010523038,0.99935054
20180109-105810-2.jpg,8,8,2.473963e-05,9.441347e-05,0.0014148921,0.00011786596,0.00019245879,7.3929872e-05,3.5967542e-05,0.00062549026,0.99742024
20170920-171224-3.jpg,2,2,3.8274527e-06,1.2177889e-05,0.99986916,1.4859013e-05,4.2674908e-05,1.8694835e-05,6.3417443e-06,3.2066362e-06,2.9056663e-05
20180125-102050-2.jpg,8,8,9.7440731e-06,1.1326426e-05,2.3635251e-07,0.00010227701,5.971491e-06,3.4788288e-06,3.0056245e-05,8.2480833e-06,0.99982866
20180119-110018-2.jpg,8,8,6.10241e-05,0.00059172451,6.5841192e-06,2.0081142e-06,4.6419493e-05,5.3155966e-06,2.7612946e-05,5.2508262e-05,0.9992068
20170210-144941-0.jpg,7,0,0.98669899,9.3308857e-06,0.00014779637,1.8517078e-05,2.0411345e-05,0.00052340334,3.9565677e-05,0.01113973,0.0014022556
20170128-103437-0.jpg,8,8,0.00021008456,0.0035144902,3.7072914e-05,0.0014540427,0.00014317599,2.0785797e-05,6.6698124e-05,0.0002679451,0.9942857
20180105-102401-1.jpg,8,8,4.3735364e-06,6.9351631e-06,7.6266325e-07,1.1673903e-06,1.3559097e-05,1.150455e-06,1.4266357e-05,3.5255025e-05,0.99992253
20170501-143232-0.jpg,1,1,0.0088287126,0.99068029,5.1167548e-05,3.6045256e-06,4.0440782e-05,2.1543139e-05,7.147915e-05,0.00025208772,5.0675689e-05
20171102-122109-2.jpg,2,2,9.4062259e-07,4.1074062e-06,0.99989515,1.5593182e-06,6.6977425e-05,7.0952384e-06,1.5756095e-06,9.1767179e-07,2.167648e-05
20170129-103921-0.jpg,8,8,0.013441055,0.36437511,9.2736998e-05,0.0054459687,0.00032805353,0.00096030565,2.5743112e-05,0.0033510574,0.61197997
20170913-104923-2.jpg,3,3,0.00066765629,0.00037723949,4.7333621e-05,0.97872086,0.00051009672,0.01940775,3.5252637e-05,3.2709315e-05,0.00020110245
20180322-104617-1.jpg,8,8,7.2275473e-05,9.3756613e-05,1.1181753e-05,2.6606537e-05,6.9549938e-05,0.00026915519,3.092073e-06,8.975597e-05,0.99936463
20180105-100830-3.jpg,8,8,0.00017960395,5.5438596e-05,0.00014384972,1.8207462e-05,4.6275801e-05,4.4422926e-05,0.0039137096,0.00090241292,0.99469608
20180322-114503-1.jpg,8,8,3.7995058e-06,5.9538426e-06,1.543227e-05,3.7428875e-06,4.1527903e-06,3.7415569e-05,4.1452748e-06,1.9744811e-05,0.99990561
20180125-100444-2.jpg,8,8,0.00010939729,1.9345359e-05,3.4248678e-06,4.0167848e-06,3.9831377e-06,2.4328045e-05,0.00013227749,9.4028702e-05,0.9996092
20171102-120158-2.jpg,2,2,9.3489784e-07,6.4707618e-07,0.99998257,3.5938903e-07,1.0256249e-05,2.7465281e-06,3.3323839e-07,6.3131626e-07,1.5257579e-06
20170727-113032-1.jpg,4,4,9.6137448e-05,0.00010193463,0.00013102282,2.6929358e-05,0.99563366,0.00025628412,7.0670782e-05,1.532646e-05,0.0036680294
20171218-122332-3.jpg,8,8,1.7469801e-05,7.9848394e-05,2.9705181e-07,2.5268337e-05,8.1892751e-07,4.1207373e-05,4.8139013e-05,1.2829958e-05,0.99977412
20170210-142658-0.jpg,7,7,0.00036334809,1.0713541e-05,0.00012465607,2.4242752e-06,1.9911047e-06,0.00023365113,1.2590166e-05,0.99924408,6.5453636e-06
20170217-111728-0.jpg,0,0,0.99967271,8.2688676e-06,1.16388e-05,4.6541699e-07,1.2294077e-06,2.6536596e-06,1.5009971e-06,0.00029977011,1.760625e-06
20180112-072230-1.jpg,8,8,5.4992307e-05,0.00023430333,4.1251794e-05,0.0002444659,5.9275434e-05,2.9684895e-05,0.00085160254,0.0026020858,0.99588234
20180322-132514-1.jpg,8,8,3.4969796e-06,5.2173286e-05,3.6489883e-06,7.9129972e-06,1.8570489e-05,3.8705191e-06,3.5499786e-06,1.017804e-05,0.9998966
20180125-092848-1.jpg,8,8,7.2615294e-06,0.0020772549,2.2482542e-06,2.1819228e-06,1.504349e-05,3.0256508e-05,2.5612425e-05,9.3745995e-05,0.99774639
20170920-113109-3.jpg,2,2,2.0227578e-06,4.5430275e-06,0.999875,3.0570079e-06,7.0640322e-05,1.1055577e-05,5.0648802e-06,2.4473033e-06,2.6165571e-05
20180322-112847-2.jpg,8,8,0.00019975294,7.6007346e-05,9.7250717e-06,3.5286924e-05,3.3481154e-05,3.3921172e-05,0.00027120089,0.00048656146,0.99885406
20170920-184447-1.jpg,2,2,1.689711e-06,7.641138e-07,0.99997065,1.2357508e-06,9.5942673e-06,2.7915995e-06,4.3829259e-07,2.6148667e-06,1.0220345e-05
20180109-092548-2.jpg,8,8,3.7043846e-05,5.2841766e-06,1.0000368e-05,1.0766795e-05,3.7786603e-05,5.8969951e-05,1.8080007e-05,2.5637034e-05,0.99979643
20171113-120510-3.jpg,6,6,1.6431359e-05,0.00046009825,1.0020109e-05,7.524097e-06,1.9857542e-05,1.4080152e-05,0.76481419,0.00013365338,0.23452415
20170217-114617-0.jpg,7,1,0.0012549085,0.71848848,0.00082500935,7.0898672e-05,0.00029776754,0.00045984767,0.0015523937,0.27383899,0.0032117006
20170706-112430-0.jpg,7,7,0.038584479,0.0024506357,0.0002054231,0.0030637818,2.4892629e-05,0.00011029243,7.8283062e-06,0.84901532,0.10653735
20180109-091536-1.jpg,8,8,0.00063300685,0.0011760586,4.8049774e-05,0.000167951,1.5011527e-05,0.00017933868,0.00062457033,0.017329245,0.97982677
20171218-115155-3.jpg,8,8,0.00054417885,0.00028807562,3.4184412e-05,0.00013633675,5.4062166e-05,0.003896691,0.00063309137,0.00022046989,0.99419291
20170501-145850-0.jpg,8,8,0.12311554,0.0037790368,0.0091732159,0.012142798,0.00056109523,0.00090704761,0.0045537028,0.10788463,0.73788293
20171113-120543-3.jpg,6,6,2.825424e-05,0.00025541973,8.2527482e-06,3.8955146e-06,9.2664734e-06,6.0578988e-05,0.99924639,0.00035502074,3.2925878e-05
20180112-074204-1.jpg,8,8,4.3887172e-05,0.00010438581,8.4348032e-06,9.3504787e-05,1.7132426e-05,1.3041956e-05,5.0459996e-05,0.00056645063,0.9991027
20180109-105851-1.jpg,8,8,6.1937806e-06,2.2963792e-05,0.00019739489,2.8056532e-06,2.3978183e-05,1.1185267e-05,1.4527632e-05,9.6021647e-05,0.99962493
20180112-071152-2.jpg,8,8,0.0028188027,0.00063650176,0.0013768005,0.005861835,0.0019362544,0.00011519788,0.00019758317,0.0026883417,0.98436868
20171109-071315-1.jpg,5,5,0.00022748438,0.00010106595,5.0477852e-05,1.3662949e-05,3.2849838e-05,0.99943485,3.7502609e-05,4.5479884e-05,5.6628867e-05
20171109-071800-3.jpg,5,5,0.00022189422,6.0173113e-05,0.00025379563,3.9515257e-05,9.6778455e-05,0.99870324,0.0002005444,0.00031767332,0.00010638832
20180109-074420-2.jpg,8,8,1.9734179e-05,2.2606407e-05,2.1226233e-06,3.6379513e-05,1.3944598e-05,1.5627788e-05,4.4028989e-05,2.3330738e-05,0.99982223
20180105-093622-2.jpg,8,8,1.4066097e-05,1.8673537e-05,2.70125e-05,8.081104e-06,6.29301e-05,1.1153617e-05,0.0012026553,0.00010813714,0.99854729
20180112-100852-1.jpg,8,8,0.00054771935,0.00080202116,0.00024264626,7.3349335e-05,0.00031160942,0.00013102584,0.065353421,0.096557078,0.83598113
20171220-100727-1.jpg,8,8,9.3632505e-06,1.230747e-05,9.3064414e-07,4.9569741e-06,1.1412993e-06,7.1540316e-06,1.9480339e-06,8.26259e-06,0.99995394
20170920-163639-3.jpg,2,4,0.0048729011,0.011981347,0.1559711,0.025809781,0.74004609,0.056963781,0.00067743388,0.0012954353,0.0023821296
20171102-103158-3.jpg,2,2,4.5407442e-06,8.1329699e-06,0.99759111,1.6852237e-05,0.0020371538,6.2767902e-05,2.6386781e-05,6.3818472e-06,0.00024667375
20170126-100629-0.jpg,1,1,1.2449346e-06,0.99995071,2.8756555e-07,1.5477065e-07,4.9809015e-07,6.4209549e-07,2.5010671e-06,2.8574632e-06,4.1106846e-05
20180109-074215-1.jpg,8,8,1.3505369e-05,4.5359965e-05,4.0421669e-05,1.7511805e-05,3.2029731e-05,2.449302e-05,0.0020718877,0.000536809,0.99721798
20170130-102702-0.jpg,1,1,5.8838538e-05,0.99932159,7.0971076e-06,6.2807699e-06,1.9319811e-05,5.373727e-06,3.1422503e-05,0.00039750865,0.00015257042
20170715-105922-1.jpg,1,1,2.2976412e-05,0.99985419,3.0604224e-06,1.0389004e-06,9.3753231e-06,1.3237295e-06,6.5500646e-05,3.5042531e-05,7.4969762e-06
20180109-085606-1.jpg,8,8,0.00075517193,0.0026393618,1.1099094e-05,0.0014237214,5.9742591e-05,0.00045262746,0.12772362,0.0022787654,0.86465589
20170727-171730-1.jpg,4,4,5.6622146e-05,2.4181993e-05,0.00015480406,7.1284065e-06,0.99281236,2.7465155e-06,3.4082362e-05,8.7384473e-05,0.0068206935
20170630-155311-0.jpg,7,7,0.0016119095,0.00029284046,3.869788e-05,1.8631231e-05,1.1552557e-05,5.8383088e-05,6.8399964e-05,0.99783375,6.5833821e-05
20180322-104645-1.jpg,8,8,1.5117497e-05,8.0863695e-05,2.8169245e-06,8.7901349e-06,8.9891049e-06,2.1563243e-05,1.6301128e-06,2.5500418e-05,0.99983473
20171122-103752-1.jpg,5,5,0.00016161004,1.80711e-05,8.0923269e-05,1.0067766e-05,3.6952099e-05,0.99946654,7.088948e-05,0.00011794891,3.6996222e-05
20180125-100437-1.jpg,8,8,4.4921759e-06,1.0839805e-05,5.4847919e-06,3.2715442e-06,0.00011195195,1.3164067e-05,5.3897238e-05,2.5674696e-05,0.99977122
20170913-100918-2.jpg,3,3,0.00033079046,0.00015780506,0.00038742627,0.995372,0.00026195842,0.0032880322,0.00010304947,6.0613048e-05,3.8321603e-05
20180125-095308-1.jpg,8,8,3.1111258e-07,6.7365203e-06,8.1437227e-07,5.8450872e-07,2.8165379e-06,4.8872937e-06,2.438708e-05,5.2587861e-06,0.9999542
20180112-081510-2.jpg,8,8,0.0015945691,0.0056541605,0.00038931455,5.7754138e-05,7.6531232e-05,8.9386166e-05,0.0001670191,0.029881263,0.96209
20171220-082908-3.jpg,8,8,6.8645718e-06,3.9389195e-06,1.6302843e-06,1.8939173e-06,4.5844303e-06,0.000162275,4.3873554e-06,1.2056811e-05,0.99980237
20180105-091416-2.jpg,8,8,0.0085665622,0.00089285663,0.0003575248,0.00030376033,0.0001006503,0.0015833418,0.0023847667,0.23917642,0.74663411
20171113-132205-3.jpg,6,6,9.6884073e-05,0.00021234834,1.5389482e-05,9.2347488e-06,1.6891917e-05,9.1835717e-06,0.99908989,0.00031357591,0.00023659948
20170913-105901-3.jpg,5,5,0.0033059859,0.00013473847,3.1627064e-05,5.604317e-05,5.045624e-05,0.99483778,2.8233699e-06,0.00047069743,0.0011098475
20170920-185539-1.jpg,2,2,5.0860594e-07,8.1232723e-07,0.99998216,1.8418825e-06,3.9156119e-06,1.1003249e-06,5.8765515e-07,1.1701841e-06,7.903324e-06
20180112-095054-2.jpg,8,8,0.00080153151,0.00015041065,0.00016589007,5.6482547e-05,4.6628259e-05,0.00037023881,8.0220303e-05,0.0018117336,0.99651686
20180112-080813-1.jpg,8,8,0.00024832132,0.035385499,4.7312927e-05,5.7591787e-05,0.00020899002,4.0195014e-05,0.00096244722,0.019583227,0.94346642
20170920-095903-3.jpg,4,4,0.00091887436,0.00087269037,2.7924421e-05,1.8352407e-05,0.97694402,1.7751843e-05,9.5730798e-05,3.0908751e-05,0.02107375
20171113-091743-1.jpg,5,5,0.036590439,0.045081583,0.0018612474,0.00085759357,0.0030520037,0.89462281,0.00043885896,0.0059425622,0.011552898
20171220-093017-3.jpg,8,8,3.9885702e-06,3.0826781e-05,1.4395963e-06,1.7654964e-06,1.6995457e-06,7.6780072e-05,1.067288e-05,1.286969e-05,0.99985996
20171205-141445-2.jpg,8,8,0.00017021035,0.00052499431,9.6663227e-07,7.5811295e-05,1.7003918e-06,6.7147104e-05,5.7532602e-06,9.2381749e-06,0.99914418
20170405-155147-0.jpg,0,0,0.99833708,1.0251971e-05,5.5800614e-05,6.6016114e-06,6.4058646e-06,8.3960384e-05,8.5018556e-06,0.001001131,0.00049026945
20161207-110901-0.jpg,0,0,0.99898675,0.00044196146,3.120271e-05,2.9517799e-06,2.0128247e-05,0.00038401066,9.2076291e-06,8.1949199e-05,4.1843275e-05
20180109-100311-1.jpg,8,8,3.6518697e-05,5.5224173e-05,8.1875016e-06,3.154104e-05,1.4457374e-05,5.1800881e-05,9.0278231e-05,0.00077929521,0.9989327
20170729-090939-1.jpg,4,4,1.7712087e-05,2.6910153e-05,0.0002224617,1.9244625e-05,0.998422,4.5128049e-06,1.5544989e-05,2.4863937e-05,0.0012467475
20180119-114745-2.jpg,8,8,1.6342053e-06,3.032801e-05,3.5889466e-07,4.7574673e-07,1.9960571e-05,2.3333814e-06,1.7932002e-06,9.5679396e-07,0.99994216
20171113-115337-3.jpg,6,6,0.00012947595,5.8019356e-05,0.00014970376,5.2975303e-05,2.1378886e-05,0.00016457195,0.91609892,0.081895881,0.0014290736
20170920-192249-1.jpg,2,2,7.2415225e-06,5.3130123e-06,0.99983223,8.4704499e-06,4.9207729e-05,5.0839893e-06,1.4081049e-06,7.1816754e-06,8.3858725e-05
20180109-095112-2.jpg,8,8,1.1710703e-05,6.8110443e-06,8.239536e-06,1.0196604e-05,3.4255638e-05,1.211544e-05,6.8473226e-06,2.118913e-05,0.99988863
20170727-164359-3.jpg,4,4,0.00024184377,0.00017229693,0.0057358962,0.001955827,0.9678616,3.2182639e-05,0.0003238272,0.00047576092,0.023200769
20171220-091955-3.jpg,8,8,0.0016352888,3.121106e-05,2.404542e-06,3.7523646e-05,4.8899676e-06,0.00060756187,2.9560609e-05,0.00035313242,0.99729843
20180322-132019-1.jpg,8,8,2.1260622e-06,0.00037052873,1.3795707e-06,5.2993711e-06,1.4528698e-05,2.0871154e-05,3.1215652e-06,1.1050367e-05,0.99957109
20170126-095604-0.jpg,1,1,5.275458e-06,0.9978814,1.8058379e-06,5.6081994e-06,9.4721768e-06,1.8880659e-06,3.1072012e-05,0.00028312906,0.0017803504
20171218-105258-2.jpg,8,8,0.00087759094,5.1819208e-05,9.3874854e-06,2.0046736e-05,4.9866162e-06,0.00083213333,9.4158917e-05,0.0011404896,0.99696939
20180125-092652-2.jpg,8,8,1.3745989e-06,6.9021257e-05,2.5626486e-06,2.8100236e-07,3.923757e-06,9.9299554e-06,1.1334064e-05,2.2641468e-05,0.99987893
20171109-072025-1.jpg,5,5,0.0010935997,0.0001194428,0.00037773682,4.071314e-05,0.00014427205,0.99730379,0.00015956702,0.00065027223,0.00011060982
20161207-144946-0.jpg,0,0,0.9994699,0.00017253625,5.9654259e-06,1.3941977e-06,3.8432427e-06,0.00029982109,7.3940961e-07,4.2823508e-05,2.9801193e-06
20180125-101855-2.jpg,8,8,2.0959316e-05,4.673179e-05,1.1978206e-06,3.128063e-05,1.5259994e-05,2.5161726e-05,0.00041444742,5.7487868e-05,0.99938747
20180105-095721-3.jpg,8,8,9.5505724e-05,0.00050083776,4.1839069e-05,0.002908058,0.00060773872,1.6296274e-05,0.00015927772,0.00010680757,0.99556364
20171102-104114-1.jpg,2,2,1.7527079e-05,2.2167223e-05,0.99557563,3.1815886e-05,0.00081755879,1.5147636e-05,5.5059148e-06,3.1122817e-05,0.0034835289
20171025-091607-1.jpg,3,3,0.00073292859,2.7131385e-05,4.4334055e-05,0.99835694,0.00011172152,0.00031797289,2.0759525e-05,4.6550022e-05,0.00034165727
20170920-095819-2.jpg,2,2,4.6384883e-05,6.3171248e-05,0.97940875,0.00041874117,0.0015469508,7.2073122e-05,0.0001551638,7.580917e-05,0.018212954
20180109-101538-1.jpg,8,8,1.9585462e-05,4.7473474e-05,9.9276335e-06,8.5379976e-05,2.2653653e-05,2.4548409e-05,8.1324193e-05,0.00053141011,0.9991777
20170718-133349-2.jpg,7,7,0.0021928574,0.00021516129,7.6606946e-05,5.8756231e-05,1.1591717e-05,1.2679368e-05,1.3415489e-05,0.99694748,0.00047144774
20180322-112504-1.jpg,8,8,2.6776427e-05,3.081084e-05,6.4169241e-05,3.2258526e-05,4.0105574e-05,2.393202e-05,2.619742e-06,2.5182783e-05,0.99975414
20170718-133656-2.jpg,7,7,8.6295227e-05,3.8776004e-05,1.2998823e-05,2.0095563e-05,1.6097481e-06,2.190424e-06,1.0837421e-05,0.99957959,0.00024760452
20170913-105513-1.jpg,3,3,0.00029221019,0.00024422692,4.6826161e-05,0.98135585,0.00038624583,0.017492171,2.4266419e-05,2.4790507e-05,0.00013341718
20171025-095835-2.jpg,3,3,0.00083796164,2.3129838e-05,0.00013038385,0.99194371,0.00012973502,0.00043984919,1.2571221e-05,7.9358349e-05,0.0064033032
20180109-104840-2.jpg,8,8,0.00067263998,0.00030698435,0.00016850187,0.0056975662,0.000423491,0.0014916214,0.000506603,0.0039514532,0.98678114
20180109-094730-2.jpg,8,8,3.4679498e-06,4.7215273e-06,1.084455e-05,6.5815033e-06,4.9006991e-05,1.0057482e-05,5.8877325e-06,8.4752122e-06,0.99990096
20171122-104414-1.jpg,5,5,0.00015323622,6.7624482e-05,0.00010479632,1.9878614e-05,4.0880652e-05,0.99935765,5.2005353e-05,8.369438e-05,0.00012023309
20171025-074656-2.jpg,3,3,0.0006084263,5.2106044e-05,1.8019562e-05,0.99758752,0.00017754568,0.00082069864,2.5878603e-05,5.5516653e-05,0.00065428797
20170913-104834-1.jpg,3,3,0.002077663,0.00045574762,4.524054e-05,0.98232036,0.0022763976,0.0025929707,1.6590292e-05,3.5723724e-05,0.01017931
20180109-103449-2.jpg,8,8,0.0002750938,0.00056415949,0.00063064558,0.0058601186,0.0051976685,0.00015476353,0.00068287853,0.0022072482,0.98442742
20170811-125033-2.jpg,0,0,0.9996537,3.6702977e-05,8.3151445e-06,3.129391e-06,1.2669377e-05,2.1404504e-05,2.3181866e-06,0.00012073365,0.00014102218
20170210-141829-0.jpg,7,7,0.0003817219,8.3627152e-06,2.83547e-05,2.0725454e-06,1.2667616e-06,1.4093757e-05,1.8366914e-05,0.99954171,4.0542146e-06
20180125-091108-1.jpg,8,8,1.6678531e-06,6.3440454e-06,1.5679301e-06,4.0525655e-07,3.6138597e-05,1.9982383e-06,7.0160609e-06,2.3236627e-05,0.99992163
20171219-102103-2.jpg,8,8,2.7534635e-06,0.00022206558,1.3049511e-06,2.2056818e-05,3.6323408e-06,8.8101277e-06,1.1999264e-06,2.956131e-06,0.99973522
20170728-153722-3.jpg,8,4,0.00066008866,0.00017380713,0.000319787,0.0057875051,0.95044556,7.2377191e-05,0.00026769069,0.00082726728,0.041445914
20180109-095320-1.jpg,8,8,3.0294597e-05,1.0486109e-05,3.4224654e-06,2.9766522e-05,2.0946367e-06,2.0967457e-06,3.6447566e-06,7.7177261e-05,0.99984102
20180109-091959-1.jpg,8,8,0.0047483117,0.0010736054,0.00049514154,0.00029355035,0.00028546452,0.00034785629,0.0024662528,0.11267486,0.87761496
20180109-072643-2.jpg,8,8,0.00053380042,0.00022619935,0.0021620972,0.00042658712,0.00099557776,3.4643623e-05,0.00093940183,0.00225632,0.99242537
20171219-095621-2.jpg,8,8,0.00021530035,6.1760333e-05,6.5018176e-07,1.8418354e-06,1.6023823e-06,3.7424747e-05,3.9938834e-06,2.9019224e-05,0.99964841
20170705-165013-0.jpg,7,7,0.00023107035,0.00034376378,8.6153225e-06,1.8770769e-05,3.9528956e-06,1.7191104e-06,1.0511063e-05,0.99811834,0.0012632573
20170727-152746-1.jpg,4,4,1.1446775e-05,8.3019326e-06,5.0446867e-05,3.3277272e-05,0.99792809,1.2283296e-05,1.219709e-05,6.1910217e-06,0.0019377691
20170913-121203-1.jpg,5,5,0.00059441992,5.1930988e-05,2.4297969e-05,9.4348965e-05,2.183938e-05,0.99905455,4.0251473e-06,0.00013586063,1.8722522e-05
20180322-113953-1.jpg,8,8,7.7681186e-05,0.0003288586,1.2817102e-05,6.2432784e-06,7.0341263e-06,0.00012950651,4.2419281e-06,7.1489406e-05,0.99936213
20170727-130021-1.jpg,4,4,1.4725329e-05,1.0410669e-05,0.00013918348,5.7050489e-06,0.99890636,4.9226217e-06,9.330045e-06,6.8311936e-06,0.00090253011
20180112-091711-1.jpg,8,8,9.078342e-05,1.6906199e-05,1.4730648e-05,8.3507076e-06,4.467023e-05,5.0722e-05,4.8679447e-05,7.330009e-05,0.99965186
20170811-134007-1.jpg,0,8,0.17227561,8.4342641e-05,0.00054461735,4.36165e-05,0.00021623209,0.00031201759,4.6255908e-05,0.01264097,0.81383633
20180112-092243-1.jpg,8,8,2.6215041e-05,7.7943047e-06,3.7819061e-05,3.7555768e-06,1.356274e-05,1.8487408e-05,4.4377885e-05,5.143014e-05,0.99979656
20170718-095159-2.jpg,0,0,0.97180275,0.0069860659,0.00016210051,0.0021948683,2.0868914e-05,0.00095389373,0.00019529741,0.00761851,0.010065647
20180105-093630-2.jpg,8,8,3.6975151e-05,9.2959832e-05,8.6751656e-05,0.00011010622,7.846069e-05,2.8136302e-05,0.011424947,0.00053718884,0.98760447
20171219-113826-3.jpg,8,8,0.00038239531,2.480948e-05,0.00021528607,0.00030066558,3.6635237e-05,2.3229558e-05,0.0023868451,0.00075527335,0.99587486
20170315-084854-0.jpg,8,8,1.7231157e-05,0.00020270749,9.9314682e-06,8.1941448e-05,2.8835896e-05,2.1982438e-05,9.4530627e-05,0.00010310164,0.99943974
20171220-082623-2.jpg,8,8,2.7288806e-05,0.0053495176,1.1967112e-05,1.4762509e-05,4.7971651e-05,0.00045813447,4.14906e-05,3.6990911e-05,0.99401188
20180112-072227-2.jpg,8,8,0.0010882534,0.00068016517,0.00031851129,0.0002830474,0.001527064,9.3887163e-05,0.00062814485,0.00065462974,0.9947263
20180322-103707-1.jpg,8,8,4.6020714e-05,0.00031380193,2.664671e-06,2.6705724e-05,5.0060318e-05,5.6125282e-05,4.9832736e-06,0.00011119839,0.99938844
20171219-095011-2.jpg,8,8,2.2212484e-05,1.696577e-05,9.2107517e-07,7.1266801e-06,3.6696757e-07,3.6061745e-06,2.3712693e-05,8.445921e-06,0.99991664
20180112-102555-2.jpg,8,8,0.00015375746,4.8077116e-05,9.1172358e-05,3.5125438e-05,4.3645195e-05,0.00030507085,8.0532633e-05,0.00012299911,0.99911962
20171203-172356-3.jpg,8,8,0.018707885,0.035267952,0.014549928,0.0030848068,0.012680617,0.0014209195,0.0031132708,0.013738277,0.89743634
20171220-083613-2.jpg,8,8,7.8837779e-05,8.7578176e-06,1.5260631e-06,1.0196604e-05,3.9995387e-07,1.8278853e-05,3.2693115e-06,0.00012776845,0.99975097
20180112-103630-1.jpg,8,8,0.00011344191,3.4144153e-05,1.0381637e-05,2.5871689e-06,4.2746342e-05,3.0101293e-05,4.654972e-05,4.5103259e-05,0.99967494
20171218-115948-3.jpg,8,8,3.9810722e-05,0.000122029,1.4617021e-06,4.6131757e-05,2.9687631e-06,0.00060984668,0.00015768343,7.1886115e-05,0.99894818
20180109-074634-2.jpg,8,8,9.9958212e-06,0.00019238853,2.5105664e-06,2.0260516e-05,1.0235895e-05,6.8800768e-06,2.5025428e-05,3.0631654e-05,0.99970207
20170811-115032-2.jpg,0,0,0.99908988,8.1487114e-05,1.2834248e-05,1.0258573e-06,2.2835208e-06,4.9118554e-06,2.6754099e-06,0.00077832619,2.6571615e-05
20171025-091930-2.jpg,3,3,0.00229091,9.3752399e-05,0.00021488621,0.99510659,0.00024660922,0.00053320634,3.1000515e-05,0.00028550933,0.001197538
20171025-082705-1.jpg,0,0,0.96050126,8.3166319e-05,0.00034259049,0.00028200772,2.3569609e-05,0.00010923172,1.2935058e-05,0.031423688,0.0072215531
20180322-125348-1.jpg,8,8,3.4596241e-06,1.6033806e-05,8.7197851e-06,2.805117e-06,1.6907718e-05,2.1975e-05,3.3735057e-06,1.664037e-05,0.99991009
20180109-092247-1.jpg,8,8,5.0694743e-05,0.00011750796,3.0384494e-05,5.3046582e-05,4.5182739e-05,0.00016404382,0.00075581197,0.00095295301,0.99783037
20170705-164850-0.jpg,7,7,0.00055054294,5.4684762e-05,9.9983999e-06,2.7310654e-05,5.6883501e-06,2.8715559e-06,6.2504987e-06,0.99686366,0.0024789946
20180112-074124-1.jpg,8,8,1.4430711e-05,7.2759863e-05,5.2033534e-06,8.5565847e-06,5.50728e-06,1.5588397e-05,5.1446852e-05,0.00016801727,0.99965849
20180125-092304-1.jpg,8,8,1.5793358e-05,7.8408175e-05,1.7493062e-06,9.9686638e-05,0.00024157491,5.2442973e-06,0.00012966879,3.6739895e-05,0.99939113
20180322-114326-2.jpg,8,8,2.7706654e-07,1.7900029e-05,4.8370401e-07,8.0791305e-07,1.848482e-06,4.2079786e-06,2.9240381e-06,2.8196515e-06,0.99996873
20171113-135754-1.jpg,6,6,1.1488369e-05,0.00047821596,8.6486458e-06,4.2427197e-06,6.8282274e-06,2.1417409e-05,0.99885829,3.0700968e-05,0.00058016611
20180112-094631-1.jpg,8,8,2.0112437e-05,2.8250471e-06,8.090673e-06,2.2998084e-06,3.472058e-05,4.7508643e-05,3.2873588e-05,1.9520683e-05,0.99983205
20180125-133300-3.jpg,8,8,1.7688106e-06,4.5490844e-05,3.4121823e-06,1.5289656e-06,4.1717057e-06,1.4651717e-06,2.0691642e-05,2.4029602e-05,0.99989744
20170727-140127-1.jpg,4,4,4.7764087e-05,3.2914719e-05,1.1044043e-05,7.5140989e-06,0.99671763,1.7526143e-06,6.9443548e-06,1.0178407e-05,0.0031642535
20171025-074113-2.jpg,3,3,0.00032129747,8.2513963e-05,5.9616307e-06,0.99866512,2.2440136e-05,0.0003371613,1.1935094e-05,4.1132327e-05,0.00051243811
20170714-121905-2.jpg,1,1,1.3923183e-05,0.99983259,8.2857947e-06,7.2266775e-07,9.130166e-06,1.1144801e-06,3.60577e-05,4.099263e-05,5.7184934e-05
20180105-092902-2.jpg,8,8,0.00076496951,0.00044058253,0.080920508,0.00030054504,0.0033100352,0.00010626046,0.001750258,0.0022810422,0.9101258
20171121-075533-1.jpg,6,6,1.6576065e-05,0.00040016306,3.453267e-06,5.6598137e-06,5.0586316e-06,2.4978277e-06,0.99937082,0.00012433209,7.1442938e-05
20171220-091741-3.jpg,8,8,6.2160885e-06,1.7422873e-05,1.5677171e-07,2.0368215e-06,3.7293839e-07,0.00053415954,1.4423161e-06,3.6882313e-06,0.9994345
20180109-104530-1.jpg,8,8,1.2583351e-05,5.7604078e-05,2.785172e-05,3.4118878e-05,0.00010706176,1.4565872e-05,8.0857827e-05,0.00039248551,0.99927287
20171220-084505-3.jpg,8,8,3.2982251e-05,1.0751676e-05,2.7983724e-06,4.7064464e-06,8.9254479e-06,0.00041839809,7.4499103e-06,1.6408708e-05,0.99949758
20171218-105136-3.jpg,8,8,7.3632409e-06,0.00010980066,2.1334907e-06,1.1494988e-06,1.7448305e-06,0.00011362362,3.2008301e-05,1.8096726e-05,0.99971408
20170811-133905-1.jpg,0,0,0.99970653,4.6497987e-06,2.4815142e-05,2.8365696e-07,1.65901e-06,1.5572836e-05,3.8974511e-06,0.00016559132,7.699637e-05
20171220-090425-3.jpg,8,8,0.000184226,3.1926859e-05,4.5128308e-07,0.00016729586,5.7215166e-07,8.7715971e-06,2.762188e-06,7.9072198e-05,0.99952492
20171121-072049-1.jpg,6,6,3.1823071e-05,3.620672e-05,3.441353e-06,8.2185886e-06,6.8985666e-06,1.0392046e-05,0.99970127,9.9070302e-05,0.00010268089
20170210-133124-0.jpg,0,0,0.99994504,1.0212481e-06,3.1243236e-06,1.8915158e-07,2.9279953e-07,4.5994096e-06,8.7580236e-07,4.2384869e-05,2.4695179e-06
20180112-082451-1.jpg,8,8,3.476613e-05,4.8151735e-05,7.4214217e-06,7.5722499e-06,6.8007127e-06,2.4441683e-05,3.4800333e-05,0.00018023317,0.99965581
20170304-124131-0.jpg,0,0,0.99851309,4.59153e-06,2.3504188e-05,5.9101109e-06,2.1053119e-06,7.9212047e-05,2.2490067e-06,0.0013416093,2.7730812e-05
20171220-101402-2.jpg,8,8,4.2036053e-06,0.00012563153,8.5968921e-07,1.4388165e-06,2.172682e-06,5.9786012e-05,1.1034167e-05,3.0195321e-06,0.99979185
20171212-093512-3.jpg,8,8,0.00011082841,0.00030804081,6.7705139e-06,3.1903712e-05,1.1902964e-06,1.7573078e-05,3.2141628e-06,7.1897284e-05,0.99944858
20170913-130341-3.jpg,5,5,0.00061786754,0.00010100631,4.807075e-05,0.00087459006,0.00013673013,0.99801306,3.0014463e-05,0.00012949491,4.9170077e-05
20180109-072059-1.jpg,8,8,2.3627085e-05,4.7130814e-05,2.5272964e-06,7.6928706e-06,2.2642558e-05,8.8804394e-06,0.0014892419,0.0002247057,0.99817355
20170727-125315-1.jpg,4,4,0.00079591922,0.00025372867,0.0016837852,0.0012113881,0.89990014,8.5316826e-05,0.00040889876,0.0013540361,0.094306789
20170913-103012-2.jpg,3,3,1.5867244e-05,1.971269e-05,1.6370781e-06,0.99974104,5.6628222e-05,0.00014482706,1.2475321e-06,1.3535411e-06,1.7690555e-05
20170501-144825-0.jpg,6,8,0.0025331732,0.0066973258,0.00030724867,0.0009479218,2.7284375e-05,0.0001637353,0.021824541,0.035507064,0.93199171
20170920-132131-2.jpg,2,2,2.3390424e-05,1.1015302e-05,0.99908236,0.00054598459,0.00017503426,2.043517e-05,2.6977571e-06,1.2600169e-05,0.00012647837
20180109-100332-1.jpg,8,8,1.513334e-05,5.7105621e-05,9.1724629e-06,2.0611452e-05,1.0319653e-05,2.5552395e-05,3.2711373e-05,0.00043087537,0.99939852
20171219-094230-2.jpg,8,8,0.14077345,0.023879298,0.00051441368,0.013212763,0.00092134028,0.019945647,0.00035213907,0.0020329891,0.79836796
20170811-125302-1.jpg,0,0,0.99696981,7.5664419e-05,4.2860686e-05,2.4368255e-05,3.9780303e-05,0.0011923538,5.7561024e-06,0.0010627982,0.00058660612
20171205-144929-2.jpg,8,8,8.4611004e-06,0.00039984253,3.7761116e-07,3.5035476e-06,1.0766199e-06,4.8953228e-05,2.5205085e-06,1.6351186e-06,0.99953363
20171220-094506-2.jpg,8,8,0.0002499642,0.00026352697,6.8067025e-06,2.4153245e-05,6.0092626e-05,0.00088690791,7.534715e-05,0.00015124919,0.99828195
20170714-111017-1.jpg,1,1,0.00020954857,0.98923483,0.00040805898,3.7271753e-05,9.4068477e-05,1.7801722e-05,0.0003725327,0.0078079759,0.0018179146
20170728-151426-1.jpg,4,4,8.6590614e-06,4.6577874e-06,0.00022864105,1.7414638e-05,0.99792647,4.9366664e-06,8.0123578e-06,5.0228445e-06,0.0017961862
20180105-101231-3.jpg,8,8,3.0560251e-05,3.1855195e-05,3.6277705e-05,1.0158386e-05,4.7256887e-05,4.1421479e-05,0.0014844301,0.00029800151,0.99802004
20170718-132557-2.jpg,7,7,0.00029982493,0.00025067262,2.1063559e-05,2.0466796e-05,3.8453831e-06,3.9054687e-06,6.4140142e-06,0.99927001,0.00012379677
20180109-074946-2.jpg,8,8,9.2076667e-05,0.00012268464,8.8258648e-05,9.913487e-05,0.00015495323,2.6984489e-05,0.0008932004,0.00033370687,0.998189
20170727-152727-3.jpg,4,4,7.2125618e-05,3.1335025e-05,3.7862258e-05,5.1136179e-05,0.99059304,1.8154853e-05,2.0210276e-05,3.6688801e-05,0.0091394433
20170913-100725-3.jpg,5,5,0.00025844672,2.7295914e-05,3.1181287e-05,0.00015589831,5.2434614e-05,0.99938695,4.4614466e-06,4.499478e-05,3.8332433e-05
20170128-102710-0.jpg,8,8,0.00061783056,0.015768642,0.00041445928,0.00072100558,0.00031461132,5.0072575e-05,0.00026851383,0.00041506559,0.9814298
20171109-092301-2.jpg,5,5,6.8189099e-05,6.8177876e-05,3.2345745e-05,3.0122535e-06,1.6213882e-05,0.99972674,3.7038259e-05,1.0003427e-05,3.8280175e-05
20171220-083902-3.jpg,8,8,0.000138633,3.6165955e-06,1.7975179e-06,2.9774141e-05,4.8919101e-06,7.8672596e-05,5.445136e-06,1.3060373e-05,0.99972411
20170210-131858-0.jpg,0,0,0.62440899,0.00043611276,8.7390683e-05,6.0495882e-05,2.1323725e-05,0.00019790997,4.6124393e-05,0.37456694,0.0001747138
20171205-124105-2.jpg,8,8,0.0006403948,0.00013543955,8.6920135e-06,0.00018880158,1.9127775e-05,0.003449298,0.00038618953,8.3156525e-05,0.9950889
20171102-115518-1.jpg,2,2,2.0857053e-06,1.7766247e-06,0.9998778,5.978669e-07,4.8167622e-05,6.0539752e-06,6.0350264e-06,3.5192166e-06,5.3959507e-05
20170727-164023-1.jpg,4,4,0.00071393687,0.00011590979,0.00010426675,0.001030501,0.9686436,2.3825516e-05,5.5667269e-05,0.00028078244,0.02903151
20170410-153942-0.jpg,0,0,0.9984322,4.920836e-05,3.2234491e-05,7.0561918e-06,2.6571766e-05,0.00031646071,1.1155541e-05,0.0006449739,0.00048013407
20170728-124050-3.jpg,4,4,0.0002103243,5.7371227e-05,1.2862548e-05,4.8582059e-06,0.99798294,6.0626079e-06,8.9973285e-06,4.9649021e-06,0.0017116159
20180109-095010-1.jpg,8,8,0.00010653261,0.00010704235,5.4001127e-05,0.00042104802,4.3504827e-05,4.9751359e-05,8.2459066e-05,0.0029894063,0.99614625
20180322-103838-1.jpg,8,8,2.9933823e-05,0.00020921443,3.9000705e-06,4.3218586e-05,2.8982067e-05,1.7411118e-05,8.7270339e-06,5.7363624e-05,0.99960125
20180112-101826-2.jpg,8,8,5.2629014e-05,8.8213011e-05,6.1116703e-05,4.4520528e-06,1.2598994e-05,0.00013654337,4.3375203e-05,4.8819692e-05,0.99955225
20180105-100054-3.jpg,8,8,4.8265023e-06,1.242578e-05,2.7286065e-06,1.8793292e-05,1.2809713e-05,4.4606616e-06,0.0030880587,5.5768119e-05,0.99680013
20171113-142726-2.jpg,6,6,4.5699048e-05,0.0013616024,2.1441158e-06,0.00014817483,7.2905905e-06,3.831826e-05,0.9980895,3.7774831e-05,0.00026950044
20170913-101108-2.jpg,3,3,0.00023825411,1.4250908e-05,4.9365351e-06,0.99867604,1.634198e-05,0.00099666026,2.5141555e-06,3.7142462e-06,4.7288067e-05
20180105-100736-2.jpg,8,6,0.060085901,0.037352175,0.0016726633,0.00078715446,0.0011688937,0.0054503105,0.4168236,0.20822859,0.26843071
20180112-072658-2.jpg,8,8,0.0040971445,0.00077423213,0.00097248111,0.0024970068,0.00060791685,0.00028656691,0.00029481882,0.0093294212,0.98114041
20180105-100350-2.jpg,8,8,4.1464452e-05,2.7493628e-05,0.00014972159,1.9450395e-05,9.913043e-05,2.1118822e-05,0.0013868177,0.00037910375,0.9978757
20170906-094003-1.jpg,3,3,0.0052259391,0.001249265,0.00069571931,0.97627599,0.0024601602,0.0010567181,8.3707347e-05,0.011278539,0.0016739625
20180112-092221-2.jpg,8,8,0.19348154,0.00028205089,0.0014121809,0.00019967972,0.00031977346,0.00048299127,9.9851462e-05,0.0056792156,0.79804271
20180322-125231-1.jpg,8,8,1.2121358e-06,3.8728132e-05,6.8470492e-06,3.2791965e-06,1.4809371e-05,2.1457213e-05,3.7940606e-06,7.1465096e-06,0.99990273
20171220-082832-3.jpg,8,8,5.0653413e-06,3.4031703e-06,6.4925455e-07,2.6591629e-06,1.4509409e-06,1.3434061e-05,1.8411547e-06,1.3800508e-05,0.9999577
20170727-152815-1.jpg,4,4,6.6071586e-06,3.9812393e-06,2.5655835e-05,7.2346855e-06,0.99897287,2.1434569e-06,7.1551435e-06,5.6631751e-06,0.00096868963
20180112-093616-2.jpg,8,8,8.5983316e-05,3.9595424e-05,6.0185433e-05,1.5289117e-05,1.7195427e-05,0.00032534259,2.9117395e-05,9.2367893e-05,0.99933492
20180125-100939-1.jpg,8,8,6.9747883e-05,3.8351705e-05,8.2043157e-05,2.896868e-05,0.00019355373,0.00011148827,0.00016982346,6.9920862e-05,0.9992361
20171102-093644-3.jpg,4,4,0.00012693344,0.0013673576,0.0025230119,0.0002099698,0.98001153,1.0088821e-05,5.4651437e-05,9.0018996e-06,0.015687456
20180109-071916-2.jpg,8,8,1.8111507e-05,4.9253018e-05,0.0013239252,2.3845279e-05,7.3225774e-05,2.001518e-05,0.00060831743,0.00053481267,0.99734849
20180109-085526-2.jpg,8,8,8.5301509e-05,0.00034873089,1.1380932e-05,0.00056706028,2.976945e-05,0.00010279904,5.5108792e-05,0.00066794816,0.9981319
20170727-171545-1.jpg,4,4,5.0610602e-05,1.4181073e-05,2.4563078e-05,1.3054241e-05,0.99593951,2.4610758e-06,1.2680495e-05,2.6996973e-05,0.0039159402
20171102-122608-3.jpg,2,2,1.0222959e-06,1.4563724e-06,0.99997354,5.4818617e-07,1.4971615e-05,1.8032341e-06,2.8218972e-07,5.3215802e-07,5.8460816e-06
20180112-101055-2.jpg,8,8,0.00030640701,8.5375144e-05,8.6566723e-05,3.6990395e-05,8.8540036e-05,0.00060762527,7.9953805e-05,0.00049719258,0.99821135
20180322-120255-2.jpg,8,8,1.0286371e-06,1.3116168e-05,8.7293643e-07,9.2538816e-07,1.4312247e-06,3.5081766e-06,3.3006151e-06,4.9238248e-06,0.99997089
20171113-141038-2.jpg,6,6,8.2836702e-05,0.00077692015,2.6880223e-05,2.3507877e-05,2.6028912e-05,1.5035735e-05,0.99059242,0.0075440868,0.00091228342
20180112-081428-2.jpg,8,8,0.00062336797,0.00017483836,9.2903805e-05,0.00079703467,4.1937589e-05,5.8731497e-05,3.4213527e-05,0.0059618322,0.99221514
20170906-115121-1.jpg,3,3,0.00041683856,0.00011842588,1.9096674e-05,0.99904084,0.00011695999,9.424322e-05,5.7382864e-06,4.3921426e-05,0.00014393798
20170130-102322-0.jpg,1,1,5.6947041e-05,0.98931314,1.5096873e-05,8.9715501e-06,3.2169839e-05,7.9885616e-06,0.00015653756,0.010258574,0.00015057396
20180109-072227-2.jpg,8,8,0.00024833047,4.8442908e-05,0.00013067473,3.4144399e-05,2.4895781e-05,2.3540265e-05,0.0065145272,0.0024956999,0.99047974
20171217-100920-2.jpg,8,8,0.00045272004,0.00029660153,6.1845441e-05,0.001536253,0.0004878377,0.001246925,0.00076014756,0.00030184288,0.99485583
20171025-075448-2.jpg,3,3,0.0037376874,8.0670041e-05,1.0237224e-05,0.99542756,0.00013764504,8.0133936e-05,6.747485e-06,0.00013143898,0.00038787652
20170920-120250-2.jpg,2,2,1.7135871e-06,2.0827807e-06,0.99990662,5.9550824e-06,1.9056311e-05,3.4652115e-06,2.3289507e-06,2.9725136e-06,5.5807988e-05
20180125-134744-3.jpg,8,8,0.0010705806,0.00089818207,0.00010078129,3.7323026e-05,0.00017885268,5.1984521e-05,0.0017671422,0.035815071,0.96008008
20180112-075719-2.jpg,8,8,0.0045713366,0.0017651604,0.00068677219,0.014185594,0.00076230318,0.00015885875,0.00010083954,0.020228033,0.9575411
20180322-111909-2.jpg,8,8,2.0800704e-06,0.00013629258,1.5364751e-06,1.6212315e-06,1.3329151e-06,2.3789502e-06,1.5373036e-05,2.2097916e-05,0.99981729
20170304-131652-0.jpg,7,7,0.00028612433,0.0089896307,3.9590608e-05,3.4692918e-06,6.8615357e-06,9.5032612e-06,2.5992126e-05,0.99041295,0.00022587561
20170920-163751-3.jpg,2,2,9.3217663e-06,1.3121128e-05,0.99985826,1.0919822e-05,4.2431056e-05,1.7097508e-05,1.690206e-06,8.6470734e-06,3.8513772e-05
20170727-094049-1.jpg,4,4,0.0056678819,0.0033972673,0.041445557,0.0090574188,0.57346335,0.0018297401,0.0012202253,0.0036335404,0.36028502
20170714-110747-2.jpg,1,1,9.4071829e-06,0.99973902,5.6826638e-06,1.4381907e-06,5.4176418e-06,1.8844364e-06,2.6351674e-06,0.00017521875,5.929138e-05
20170714-120906-2.jpg,1,1,6.2690154e-06,0.99995383,1.3979905e-06,2.3102757e-07,1.3931397e-06,4.1174549e-07,3.7830266e-06,2.0189663e-05,1.2490262e-05
20180109-080430-1.jpg,8,8,1.1297402e-05,1.3732534e-05,1.0737515e-06,1.3835262e-05,8.0892394e-06,7.8427958e-06,0.000952645,0.00010767008,0.99888381
20180322-104233-1.jpg,8,8,2.0751975e-05,4.3631881e-05,1.5523941e-06,2.1763097e-05,4.5102144e-05,4.3970959e-06,1.2210503e-06,4.8131479e-05,0.99981345
20170217-120141-0.jpg,0,0,0.99901309,9.4461048e-05,2.5132596e-05,2.416912e-06,2.134857e-06,9.5304663e-05,4.9421314e-06,0.00072806203,3.4455214e-05
20180112-093540-2.jpg,8,8,0.00036325314,0.00020947991,0.0001355978,4.0564042e-05,2.3567413e-05,0.00021514786,0.00029150188,0.014686259,0.98403463
20171218-104412-3.jpg,8,8,0.00028938195,0.0006556945,0.00011337273,6.5183592e-05,8.2319727e-05,0.012486049,0.00042985905,0.00054399285,0.98533415
20170217-144231-0.jpg,7,7,0.00033363594,5.9641767e-06,1.3330524e-05,2.0786519e-06,4.7753531e-07,1.8530143e-05,9.187728e-06,0.9996138,2.9932293e-06
20171220-101928-2.jpg,8,8,1.3429445e-05,9.4313058e-05,4.3394177e-07,2.43178e-06,1.2792997e-06,8.8266665e-05,1.5649481e-05,7.8780382e-06,0.99977632
20171220-100932-2.jpg,8,8,8.9247727e-06,7.2835645e-06,1.0382426e-06,2.5958839e-06,2.4718183e-06,0.00011084383,8.9880379e-06,1.4554397e-05,0.9998433
20180109-090632-2.jpg,8,8,0.00020542812,2.7228516e-05,2.655708e-06,0.0070850653,1.7113119e-05,3.7147349e-05,0.00013784943,0.00056713937,0.99192037
20180112-081326-2.jpg,8,8,0.00028270617,0.00061309081,5.004916e-05,0.0024373826,0.00035307507,1.6687742e-05,7.6721047e-05,0.0003970051,0.99577328
20180125-092138-2.jpg,8,8,2.2581221e-06,0.00015336251,2.1822535e-06,1.5362173e-06,8.7351738e-06,9.1550377e-06,5.6003064e-06,1.4728425e-05,0.99980244
20170714-143003-2.jpg,1,1,0.00020902206,0.97842214,9.640791e-06,2.3196039e-05,8.7091613e-05,1.5042629e-06,9.7182431e-06,0.019341683,0.0018960036
20170811-133311-2.jpg,0,0,0.99995587,4.2327296e-06,3.5953197e-06,5.1510376e-07,4.8172173e-06,4.6886185e-06,1.2405824e-06,1.7554732e-05,7.48888e-06
20180125-131649-2.jpg,8,8,0.0045248036,0.0017172176,0.00011245987,1.7326178e-05,0.00012618194,6.5787353e-05,0.00019207918,0.002840262,0.99040388
20171025-081120-1.jpg,3,3,0.001493926,5.9602448e-05,9.028327e-05,0.99676916,0.00022208467,0.00042861846,2.7268252e-05,0.00021440239,0.00069465884
20170729-092850-2.jpg,4,4,7.0288561e-05,9.547556e-05,0.00032666364,0.00011108113,0.99532792,5.1465402e-06,1.194073e-05,3.7840289e-05,0.0040136469
20171220-095307-1.jpg,8,8,3.855525e-05,2.0254522e-05,3.4256518e-06,1.6767476e-05,9.7220347e-06,0.00086858349,2.9099157e-05,3.6788412e-05,0.9989768
20180112-094620-1.jpg,8,8,6.792801e-05,8.0455459e-05,3.7387108e-05,3.5553212e-06,5.0087391e-05,0.00017937066,0.00020046331,0.00010378362,0.99927697
20180322-111500-2.jpg,8,8,9.7410662e-07,1.219298e-05,1.6063186e-06,1.4227106e-06,2.8492413e-06,7.2739383e-06,1.7378434e-06,6.1792123e-06,0.99996576
20171219-112554-2.jpg,8,8,0.00011027158,4.5197415e-05,4.4790315e-06,9.5167613e-05,7.8997161e-06,1.8381197e-05,0.00032946013,0.00027588035,0.99911326
20171025-081141-2.jpg,3,3,0.00098012017,4.456381e-05,4.5979009e-05,0.99800532,0.00014855709,0.00030995291,1.3198517e-05,9.1066847e-05,0.00036124131
20180109-072211-1.jpg,8,8,7.1699817e-06,1.3033204e-05,2.126388e-06,1.0408105e-05,4.6338458e-06,1.5403313e-06,0.00059814934,4.1681715e-05,0.99932126
20170706-130046-3.jpg,1,1,4.4537839e-05,0.99957299,7.1774504e-06,3.9555808e-06,2.2266856e-05,5.1936298e-06,1.1088032e-05,0.0002789285,5.3866301e-05
20170920-191854-1.jpg,2,2,2.042617e-06,7.0547753e-06,0.99985757,3.7091452e-05,5.1971338e-05,7.6406754e-06,6.401774e-06,5.2556605e-06,2.4976414e-05
20171218-115542-3.jpg,8,8,9.1582297e-05,0.00014941436,5.1646983e-06,6.1378808e-06,5.7934686e-06,0.0006890136,3.5244227e-05,1.9509392e-05,0.99899814
20170715-123221-1.jpg,1,1,2.0505166e-05,0.99986604,8.5829368e-06,1.8851083e-06,2.0701659e-05,1.629655e-06,1.4631607e-05,1.6156005e-05,4.9871987e-05
20180125-132650-2.jpg,8,8,1.859779e-05,2.9831338e-05,3.8748419e-06,2.7856663e-06,4.4548439e-06,1.9410029e-05,1.1344548e-05,0.00014998872,0.99975971
20171121-081448-2.jpg,6,6,0.00042071438,0.011962298,0.0002129588,0.0003688577,0.00092796662,0.00011341008,0.529442,0.0047223212,0.45182947
20171218-121121-3.jpg,8,8,1.0446788e-05,8.7186256e-05,1.5842709e-06,1.4795147e-06,2.1696496e-06,0.0012513473,2.3439813e-05,5.8430268e-06,0.9986165
20171113-142658-2.jpg,6,6,4.0222809e-05,0.004834864,6.1439921e-06,1.7426121e-05,9.9445096e-06,5.582401e-05,0.99468749,3.1866737e-05,0.00031621597
20171220-084657-2.jpg,8,8,5.8998879e-06,3.7975021e-05,7.9384367e-07,6.5459375e-06,1.6536129e-06,7.2011939e-05,4.2534569e-06,1.336197e-05,0.9998575
20171109-092137-2.jpg,5,5,0.00022677377,4.8520069e-05,0.00010270993,1.7776899e-05,6.3910105e-05,0.9993485,6.3914094e-05,9.9992428e-05,2.7900961e-05
20171220-101206-1.jpg,8,8,2.0103077e-05,2.1434041e-05,1.9673975e-06,1.7275068e-05,1.6924764e-06,1.1753743e-05,4.5977138e-06,1.1418658e-05,0.99990976
20171220-101329-2.jpg,8,8,2.2879139e-05,2.2071657e-05,5.0687146e-07,1.6820065e-05,2.641966e-06,5.4411356e-05,4.7876226e-06,6.5469404e-06,0.99986933
20171203-171940-3.jpg,8,8,1.5444848e-05,6.9628119e-05,2.6646068e-05,0.00015435291,0.00010190112,1.5511524e-05,0.00012113023,9.4002387e-05,0.99940138
20170913-104325-2.jpg,3,3,1.46763e-05,1.1958679e-05,8.1390291e-07,0.999915,4.3781923e-06,4.0677244e-05,9.226872e-07,4.1115071e-07,1.1162809e-05
20171212-103637-3.jpg,8,8,4.9194194e-05,0.00087234554,5.0714601e-06,6.2412152e-06,1.4711749e-05,0.00021640893,9.1588213e-05,4.4245815e-05,0.99870019
20171113-132706-3.jpg,6,6,3.2882319e-05,7.2562228e-05,6.7686819e-05,2.0742338e-05,2.6507344e-05,9.7799867e-06,0.99669617,0.0020516451,0.0010220194
20171212-095853-3.jpg,8,8,6.1643109e-05,0.00026201422,3.7286773e-06,4.5417337e-05,2.8674868e-06,1.6954803e-05,2.2532694e-06,8.0824408e-05,0.9995243
20170729-153129-3.jpg,4,8,0.0068499561,0.0070921916,0.0015501196,0.0049144875,0.25739669,0.0039103114,0.00081914272,0.0037986976,0.7136684
20171212-103306-3.jpg,8,8,4.0358265e-05,0.00027714402,6.7607585e-06,3.6845141e-06,5.5499559e-06,4.0835382e-05,3.840912e-05,8.7583098e-05,0.99949967
20170920-111202-2.jpg,2,2,2.0535944e-06,2.0590418e-06,0.99995862,5.4764774e-06,6.3610303e-06,2.3499141e-06,1.2843376e-06,2.2671391e-06,1.9531575e-05
20180105-095213-2.jpg,8,8,2.6457908e-05,2.3966768e-05,3.0785999e-06,0.024274519,0.00097325544,5.2371691e-06,0.00056350007,4.9772428e-05,0.97408021
20170727-125159-1.jpg,4,4,0.00013993204,5.0968395e-05,0.0091114847,0.00063767356,0.9495469,2.7394365e-05,0.00014128629,0.00018132362,0.040163036
20170126-100221-0.jpg,1,1,9.7263565e-06,0.99908088,6.3301966e-07,1.316951e-06,3.1624899e-06,8.1015266e-06,7.5203383e-06,1.2946904e-05,0.0008757089
20171109-074159-1.jpg,5,5,0.0007957786,0.00020224377,0.00018247708,5.5189207e-05,0.00014638406,0.99455538,0.00037989132,0.00027792506,0.0034047299
20171102-115438-1.jpg,2,2,1.6755641e-06,5.658188e-06,0.99993772,2.8289054e-06,2.2145412e-05,2.1416434e-05,1.5541005e-06,1.5984795e-06,5.4067489e-06
20170728-124106-2.jpg,4,4,3.1982071e-06,6.0256996e-06,0.00034043299,4.9979834e-06,0.9991935,1.1028824e-06,4.8428924e-06,2.9459564e-06,0.00044295262
20170728-151857-1.jpg,8,8,0.0010939147,0.00057400481,0.00015375919,0.00035401593,0.0040627778,0.00019913555,0.00030840072,0.00048127642,0.99277271
20180112-075353-2.jpg,8,8,0.00017079091,0.00026386517,5.3650185e-05,0.00065406368,5.863609e-05,4.4646083e-05,2.6103238e-05,0.0011958467,0.9975324
20180125-095038-2.jpg,8,8,4.9888162e-05,1.9829758e-05,1.8111958e-06,2.4590314e-05,1.686968e-05,1.7528088e-05,0.00042230368,7.2022958e-05,0.99937516
20170920-094406-1.jpg,2,2,1.0817561e-05,3.2253762e-05,0.99920997,4.3224983e-05,0.00037391633,1.5415323e-05,3.3882509e-05,2.473262e-05,0.00025578638
20180112-100602-1.jpg,8,8,1.0305038e-05,1.0908737e-05,2.7929787e-06,1.1396395e-06,1.1320392e-05,1.340873e-05,2.725628e-05,1.7400085e-05,0.99990547
20171212-095453-1.jpg,8,8,8.154055e-06,6.5205692e-06,6.2229305e-07,9.7212963e-06,3.3807274e-06,0.00034081272,7.3847876e-06,1.0158968e-05,0.99961324
20180109-094756-2.jpg,8,8,0.00018310202,1.7585275e-05,2.2321724e-05,7.6459307e-05,8.6444313e-05,0.00016170927,2.3621475e-05,0.00019289825,0.99923586
20180125-134840-2.jpg,8,8,0.00042695914,1.2515187e-05,6.5276485e-06,9.5654089e-07,8.9054943e-05,1.3018592e-05,1.87231e-05,0.00024856148,0.99918368
20180119-111304-1.jpg,8,8,0.00012918224,0.0025071029,1.4593069e-05,9.9559042e-06,1.1601369e-05,5.9122753e-05,0.00064006828,0.00039132883,0.99623704
20170217-143614-0.jpg,7,7,0.00068483214,7.4071972e-06,2.3272194e-05,1.6527769e-06,8.7842382e-07,9.995814e-06,8.1955292e-06,0.99925514,8.6230566e-06
20170210-132011-0.jpg,7,7,0.00049659053,1.638496e-05,3.4907818e-05,2.4255198e-06,1.1976048e-06,1.7143786e-05,1.2349051e-05,0.99941282,6.1791239e-06
20180119-113357-2.jpg,8,8,2.3185782e-05,0.00026798152,4.4507926e-06,6.5397212e-07,2.7013253e-06,1.9191107e-05,4.25151e-06,3.4192114e-05,0.99964339
20171113-115844-1.jpg,6,6,1.7377452e-06,1.8626949e-05,5.2525838e-07,1.0539983e-06,7.4870765e-07,1.3061417e-06,0.99996291,1.0282551e-05,2.8114015e-06
20170627-103545-0.jpg,0,0,0.990542,0.0035431451,7.7835809e-05,3.9139121e-05,5.1328559e-05,0.00086822431,1.237119e-05,0.0046219401,0.00024401831
20180322-133646-1.jpg,8,8,2.0074257e-05,3.0637927e-05,3.6163094e-06,6.8054982e-05,1.4455024e-05,1.0978244e-05,1.1559253e-06,1.1769145e-05,0.99983926
20170727-154914-1.jpg,4,4,1.2094928e-05,1.7700563e-05,5.5073948e-05,7.3362441e-05,0.9951859,5.1921817e-06,7.0282269e-06,1.2266616e-05,0.0046313786
20180119-114516-1.jpg,8,8,2.7191569e-06,4.3222453e-05,5.4696987e-06,1.6498208e-06,4.3981744e-06,8.3701051e-06,0.00011535915,7.1904389e-05,0.99974691
20170210-133817-0.jpg,0,0,0.84073983,0.0012216838,0.00037542009,0.00049957632,0.00014864876,0.0086484596,0.00033652068,0.12076968,0.027260182
20170920-180555-1.jpg,2,2,9.4622635e-07,3.1104731e-06,0.99986203,1.0333323e-05,3.2389266e-05,1.4611897e-06,2.4438474e-06,3.1154722e-06,8.4173143e-05
20170718-094738-2.jpg,0,0,0.91548142,0.00032516887,0.00012981828,0.00071028603,3.0009187e-05,0.00042437364,1.0698675e-05,0.0047033029,0.078184918
20170127-102832-0.jpg,1,1,2.3783863e-05,0.98803439,2.5466582e-06,6.7695989e-06,4.5724798e-06,3.5255628e-06,8.0513947e-06,0.011202342,0.00071401432
20180105-100301-3.jpg,8,8,7.5868873e-06,7.5719235e-06,3.7431885e-06,1.2124528e-05,9.3985128e-06,3.6504284e-06,0.0016100208,4.7264231e-05,0.99829864
20171220-092636-2.jpg,8,8,0.00024573427,0.00022510526,2.2575174e-05,0.00012755968,2.042878e-05,0.0007298541,3.1803788e-05,0.00046210631,0.99813483
20170210-131005-0.jpg,7,7,0.29525717,0.00034805348,0.00032529348,7.1481941e-05,3.4887136e-05,0.00018056476,0.0012587842,0.69776876,0.0047550054
20180125-101917-1.jpg,8,8,6.8396642e-06,6.8978428e-06,1.5727905e-06,1.1509491e-06,2.440714e-06,4.8398228e-06,0.00013482431,8.1143735e-05,0.99976029
20180322-120923-2.jpg,8,8,1.0482857e-06,2.8830533e-05,2.2288524e-07,5.2329571e-07,2.5396386e-07,1.0745345e-05,1.0577067e-06,8.41368e-06,0.9999489
20170728-152036-1.jpg,4,4,1.7709277e-05,7.8810345e-06,0.00014707242,5.1994618e-06,0.99823791,7.2002243e-06,1.4523421e-05,1.3232956e-05,0.0015492671
20180109-100914-1.jpg,8,8,0.00027562486,0.00015021656,2.7434544e-05,0.00089484866,8.6124769e-05,0.00012366445,0.00031456284,0.0012835996,0.99684392
20171025-090914-2.jpg,3,3,0.0030227325,0.00046065908,0.0012333316,0.9865194,0.0042047355,0.0015015858,0.0001507928,0.00043309181,0.0024736735
20171219-113248-3.jpg,8,8,0.00014415855,3.6248981e-05,0.00015604205,2.4000784e-05,3.4313476e-05,1.2692082e-05,0.00050123187,0.00035138385,0.99873993
20180322-111238-2.jpg,8,8,1.0149841e-06,1.6802707e-05,1.5542656e-06,1.054898e-06,1.648817e-06,4.4338941e-06,2.7525965e-06,6.5734881e-06,0.99996416
20170913-102722-2.jpg,3,3,4.5213389e-05,8.8492413e-06,1.6931272e-06,0.99976424,9.3285428e-06,0.00016144032,1.0820644e-06,8.6614034e-07,7.2844215e-06
20171102-123636-2.jpg,2,2,0.0021798177,7.3442229e-05,0.73887188,0.0030941485,0.0093156957,0.00013041479,3.0213583e-05,0.00017413725,0.24613025
20180112-093104-2.jpg,8,8,0.00012971657,0.00013257078,7.964889e-05,9.1118453e-06,3.3629381e-05,0.00025385837,9.6721166e-05,0.00019339006,0.99907135
20170920-113351-3.jpg,2,2,6.4051931e-07,5.807271e-07,0.99997773,1.1311423e-06,1.3082994e-05,1.8759976e-06,6.7843567e-07,1.2250461e-06,3.0502978e-06
20180322-104542-1.jpg,8,8,1.1497927e-05,5.5080934e-05,1.4450023e-06,4.5127363e-05,2.2720451e-05,4.1461027e-06,1.7544534e-06,3.2765601e-05,0.99982546
20171220-100938-1.jpg,8,8,4.4339037e-06,1.095081e-05,9.6099932e-07,5.4429881e-06,2.1529768e-06,8.4262513e-05,5.1552374e-06,8.9551056e-06,0.99987769
20180112-101658-1.jpg,8,8,5.674519e-05,9.9229299e-05,2.4050103e-05,1.4269886e-05,1.227354e-05,7.0148132e-05,0.00046819259,0.00083924636,0.99841584
20170304-123600-0.jpg,7,0,0.99098962,0.00019619792,3.0031285e-05,9.2324528e-06,1.1423969e-05,0.00013522022,6.717946e-06,0.0085234435,9.8113553e-05
20170714-143606-2.jpg,1,1,8.7800781e-05,0.95542011,6.1611574e-06,1.47927e-05,4.665165e-06,8.2509027e-06,0.00025589499,0.043526836,0.00067549002
20180322-103910-1.jpg,8,8,2.7699865e-05,0.00014010741,4.3595982e-06,3.8425047e-05,3.1921801e-05,1.6547863e-05,6.5075275e-06,2.4277127e-05,0.99971015
20180125-134424-3.jpg,8,8,0.00071683467,0.00063467758,0.00023170529,7.679746e-05,0.00020988441,3.9259609e-05,0.0016140366,0.035857441,0.96061936
20180125-094943-2.jpg,8,8,3.2357665e-05,2.4449068e-05,6.148908e-06,6.4019782e-05,7.9423591e-05,0.00010699442,0.00018963678,2.2320377e-05,0.99947465
20180105-095839-2.jpg,8,8,0.0010216193,0.0019881671,0.00015339506,0.00027116041,0.00048789949,0.00020277443,0.27257284,0.14154375,0.58175839
20171113-133241-3.jpg,6,6,1.4105634e-05,8.0810631e-05,1.0525064e-05,2.4872542e-05,1.2529711e-05,4.5759058e-06,0.99746047,0.00066224999,0.0017298646
20170210-132630-0.jpg,0,0,0.99953826,6.9046444e-06,2.4479973e-05,1.2463727e-06,1.8754776e-06,5.8607008e-05,5.5068687e-06,0.00028130536,8.1813399e-05
20180322-112703-2.jpg,8,8,2.8906694e-06,5.7614377e-05,5.6592158e-06,7.0306144e-07,7.2446665e-06,6.3114377e-06,6.8255594e-06,1.4873457e-05,0.99989788
20180125-133446-2.jpg,8,8,1.4749531e-05,3.5269061e-05,1.7932708e-05,3.8613206e-06,1.1309954e-05,7.7927996e-05,2.2426397e-05,8.7357323e-05,0.99972917
20171113-124152-3.jpg,6,6,2.8515136e-05,0.00015025339,2.6710521e-05,1.9598296e-05,1.0110173e-05,1.2531604e-05,0.99653468,0.00031526457,0.0029023391
20171219-094215-2.jpg,8,8,6.7214396e-05,0.00010758838,4.7233546e-07,2.800837e-06,5.5241814e-07,2.5867097e-05,1.6923933e-05,7.6514008e-06,0.99977093
20171025-082439-1.jpg,0,0,0.99938301,1.6866838e-06,9.0353466e-06,3.4768188e-07,1.5735292e-06,9.6542706e-06,5.8054677e-07,0.00055694399,3.7164424e-05
20170210-134107-0.jpg,0,0,0.99208005,0.00010719204,0.00013390587,1.1412112e-05,5.7793976e-06,9.1236377e-05,5.1367949e-06,0.0072787297,0.00028655669
20180322-114119-1.jpg,8,8,2.0942688e-06,1.1160393e-05,6.5824187e-06,7.4523656e-06,1.553614e-05,0.00011899256,5.8383675e-06,1.2172705e-05,0.99982017
20171025-090234-2.jpg,3,3,0.0012595035,7.2700798e-05,0.00010088556,0.99735552,0.00032856856,0.00050992073,1.0841947e-05,7.66286e-05,0.00028542881
20170920-163540-3.jpg,2,2,5.4935314e-06,1.9946569e-06,0.99975941,1.9296427e-05,2.3017914e-05,1.9411192e-06,1.6986732e-06,1.4114728e-05,0.00017303344
20170727-111940-1.jpg,4,4,1.2475732e-05,1.2493779e-05,0.00010959415,1.4318074e-05,0.99821518,5.4951926e-05,6.0374744e-05,6.0318505e-06,0.0015145753
20171113-120812-3.jpg,6,6,4.4605654e-05,7.4907205e-05,1.3950502e-05,2.3221518e-05,4.953477e-05,1.0003788e-05,0.98148102,0.0013740769,0.016928681
20170210-141939-0.jpg,7,7,0.0020238872,1.8477696e-05,4.3177833e-05,4.6402975e-06,3.3014165e-06,1.7105547e-05,1.5109459e-05,0.99780913,6.5171447e-05
20161207-111159-0.jpg,0,0,0.99978872,0.00010730879,9.8460375e-06,1.0726651e-06,4.4666814e-06,2.2882068e-05,9.5592422e-06,4.9525131e-05,6.6212235e-06
20170217-114849-0.jpg,7,7,0.0011172151,3.5653956e-05,0.00010178657,1.3567543e-05,8.1717634e-06,0.00010695146,3.8631365e-05,0.99855472,2.3299189e-05
20170410-154812-0.jpg,0,0,0.56601862,0.003551325,0.00046960201,0.0013111549,0.00033566425,0.0048356774,0.00079366629,0.33129979,0.091384499
20180112-102111-2.jpg,8,8,0.00040256326,0.00055868525,0.00033029386,0.00089769451,0.0011323282,7.8250483e-05,0.00060003414,0.00048386437,0.99551629
20171102-122956-3.jpg,2,2,8.7226757e-07,1.6017891e-06,0.99995529,1.5520502e-06,2.7106722e-05,6.9768974e-06,3.5467137e-07,7.4797758e-07,5.5013361e-06
20170729-093352-2.jpg,4,4,2.8805103e-05,1.3381565e-05,2.3793316e-05,1.7515249e-05,0.99702498,9.9907239e-06,9.7299558e-06,1.8022765e-05,0.0028537797
20171109-093358-1.jpg,5,5,0.0013582341,0.00099414758,0.00015510506,6.2326105e-05,0.00012017022,0.99662885,0.00010925708,0.00033695458,0.00023495548
20170714-120638-2.jpg,1,1,7.5271083e-05,0.97387572,1.2454555e-05,0.00015060529,0.00038271994,8.1110349e-06,2.6865268e-05,0.0034569979,0.022011252
20171212-100306-1.jpg,8,8,3.2988427e-06,1.3647708e-05,1.7652747e-07,1.3629062e-06,3.2132068e-07,2.2584817e-05,1.1817992e-06,2.1643239e-06,0.99995526
20171218-112712-3.jpg,8,8,8.4146662e-06,0.00010108815,2.7105329e-06,2.9667305e-06,6.1186984e-06,0.00025205336,4.2136467e-05,9.9572547e-06,0.99957455
20180119-111418-1.jpg,8,8,5.0136443e-05,0.0015667378,6.2252731e-06,1.5969865e-05,5.487395e-06,6.6825544e-05,0.00063679347,0.00022232921,0.9974295
20170718-100224-2.jpg,0,0,0.9618557,0.0031801186,0.001360316,0.014979878,0.0018887489,0.0012756921,8.5739338e-05,0.013154394,0.0022194153
20180119-114953-1.jpg,8,8,2.6891552e-05,0.00044847259,8.9529434e-06,1.2826817e-05,1.6262907e-05,1.2956833e-05,0.002710357,0.00034984456,0.99641343
20171113-144510-3.jpg,6,6,5.8987308e-06,9.5559313e-05,5.6747371e-07,9.3478236e-06,6.8909841e-07,8.5399772e-06,0.99917299,2.356048e-05,0.00068284647
20180109-070147-1.jpg,8,8,2.622882e-05,1.7263417e-05,1.644218e-05,4.6938378e-05,1.6215568e-05,4.908578e-05,0.0019769192,0.00062645005,0.99722446
20170714-111155-1.jpg,1,1,0.0029913443,0.85850246,5.7509757e-05,9.7098013e-06,7.0323735e-05,4.3034532e-05,4.4879016e-05,0.012455953,0.12582479
20171109-092528-3.jpg,5,5,0.00034816476,9.370237e-05,0.00010318963,1.9578233e-05,6.330591e-05,0.99903712,0.00015166398,9.2892882e-05,9.0386551e-05
20180112-075810-2.jpg,8,8,0.00050420806,0.00073615586,9.8480745e-05,0.00012937903,8.5319724e-05,4.5690784e-05,0.00019418613,0.0058855827,0.992321
20180125-101713-1.jpg,8,8,3.3710359e-05,1.9257309e-05,1.6617043e-06,6.1647626e-06,3.1776629e-05,1.2196884e-05,0.0001859793,5.8189723e-05,0.99965106
20170920-120035-2.jpg,2,2,1.0820147e-06,1.8650749e-06,0.99993659,1.1834107e-06,9.546783e-06,2.2793848e-06,3.2425239e-06,1.8373616e-06,4.2373244e-05
20170129-104023-0.jpg,8,8,0.0019275416,0.0010654201,0.00010083702,0.00089076051,0.00039894991,0.00092348576,0.00011910921,0.0015632732,0.99301062
20180105-092141-3.jpg,8,8,2.7246552e-05,4.0014998e-05,2.0845442e-06,5.3105309e-05,4.6942088e-05,1.0235638e-05,0.0014717264,0.00010402945,0.99824462
20180109-072910-1.jpg,8,8,6.7334522e-06,2.3564714e-05,7.599863e-06,7.292743e-06,2.2720865e-05,1.090058e-05,0.0020569259,0.00013954873,0.99772471
20170410-154238-0.jpg,0,0,0.93173893,6.9660556e-05,6.3999756e-05,2.0793912e-05,3.3861911e-06,0.00047460793,2.3284477e-05,0.064855834,0.0027494994
20170207-142652-0.jpg,7,7,0.041486387,0.0065414459,0.00061998035,0.00023997581,4.6982691e-05,0.00049423836,0.00030669411,0.92802643,0.022237861
20171220-095051-2.jpg,8,8,4.9975067e-06,4.7684408e-05,1.7276091e-06,5.7834754e-05,6.1653061e-06,0.00018657088,4.3968694e-05,5.4577844e-06,0.99964559
20180322-113737-2.jpg,8,8,2.5406364e-05,4.5509392e-06,5.5744897e-07,2.0327049e-05,1.9848677e-06,2.2132387e-05,5.9169577e-06,8.2461918e-05,0.99983666
20180109-080620-2.jpg,8,8,9.6694936e-06,2.639208e-05,0.00010046761,2.3628779e-05,5.0042949e-05,8.7196771e-06,0.00063910427,0.00035603899,0.99878594
20171113-150716-3.jpg,6,6,9.5393954e-06,2.1137367e-05,1.0960243e-05,1.0332526e-05,9.6921347e-06,9.6410945e-06,0.99935482,0.00046495418,0.00010891882
20171220-083237-2.jpg,8,8,0.00068861024,7.5628452e-05,5.3328821e-05,0.00010357692,2.4400831e-05,8.475619e-06,1.83012e-05,0.0059547097,0.99307297
20180112-091629-1.jpg,8,8,0.00056163771,0.00070058099,1.3483967e-05,1.1234154e-05,4.5730844e-05,1.370886e-05,6.2182209e-05,0.0080490729,0.99054237
20180109-075647-2.jpg,8,8,0.00041004788,0.0006115677,0.00036028024,0.00014272048,0.00025627933,2.9985475e-05,0.0015198009,0.0013727626,0.99529656
20171203-173928-3.jpg,8,8,0.00053752857,0.0013382151,1.3851988e-05,0.0029230807,2.2094556e-05,7.3092422e-05,0.00022175472,0.000956694,0.99391369
20171203-164319-3.jpg,8,8,1.1748221e-06,0.0001126079,4.8020093e-07,6.71604e-06,1.3260844e-05,4.0245542e-06,2.0776403e-06,6.1261562e-06,0.99985353
